# unix_time, cycles_done, cur_path, paths_total, pending_total, pending_favs, map_size, unique_crashes, unique_hangs, max_depth, execs_per_sec
1737720822, 0, 0, 3, 3, 2, 0.57%, 0, 0, 2, 12.83
1737720828, 0, 0, 10, 10, 2, 0.58%, 0, 0, 2, 13.92
1737720833, 0, 0, 15, 15, 2, 0.58%, 0, 0, 2, 12.01
1737720838, 0, 0, 22, 22, 2, 0.60%, 0, 0, 2, 12.55
1737720843, 0, 0, 25, 25, 2, 0.60%, 0, 0, 2, 12.23
1737720848, 0, 0, 27, 27, 2, 0.60%, 0, 0, 2, 11.93
1737720853, 0, 0, 30, 30, 2, 0.62%, 0, 0, 2, 13.00
1737720859, 0, 0, 35, 35, 2, 0.63%, 0, 0, 2, 12.20
1737720869, 0, 0, 38, 38, 2, 0.63%, 0, 0, 2, 12.81
1737720874, 0, 0, 41, 41, 2, 0.63%, 0, 0, 2, 12.41
1737720884, 0, 0, 43, 43, 2, 0.63%, 0, 0, 2, 11.96
1737720889, 0, 0, 45, 45, 2, 0.64%, 0, 0, 2, 11.64
1737720894, 0, 0, 46, 46, 2, 0.64%, 0, 0, 2, 11.39
1737720900, 0, 0, 47, 47, 2, 0.64%, 0, 0, 2, 11.45
1737720905, 0, 0, 49, 49, 2, 0.64%, 0, 0, 2, 11.61
1737720910, 0, 0, 51, 51, 2, 0.64%, 0, 0, 2, 12.03
1737720915, 0, 0, 52, 52, 2, 0.64%, 0, 0, 2, 12.36
1737720920, 0, 0, 55, 55, 2, 0.64%, 0, 0, 2, 11.16
1737720941, 0, 0, 57, 57, 2, 0.64%, 0, 0, 2, 11.71
1737720951, 0, 0, 58, 58, 2, 0.65%, 0, 0, 2, 11.71
1737720956, 0, 0, 60, 60, 2, 0.66%, 0, 0, 2, 12.62
1737720961, 0, 0, 61, 61, 2, 0.66%, 0, 0, 2, 12.80
1737720966, 0, 0, 62, 62, 2, 0.67%, 0, 0, 2, 12.59
1737720971, 0, 0, 63, 63, 2, 0.67%, 0, 0, 2, 13.33
1737720976, 0, 0, 64, 64, 2, 0.67%, 0, 0, 2, 12.59
1737720981, 0, 0, 65, 65, 2, 0.67%, 0, 0, 2, 12.95
1737720997, 0, 62, 66, 65, 0, 0.67%, 0, 0, 3, 18.01
1737721007, 1, 59, 67, 65, 0, 0.67%, 0, 0, 3, 18.44
1737721017, 1, 59, 69, 67, 0, 0.67%, 0, 0, 3, 11.01
1737721032, 1, 59, 71, 69, 0, 0.67%, 0, 0, 3, 10.81
1737721043, 2, 0, 72, 69, 1, 0.67%, 0, 0, 3, 11.35
1737721048, 2, 0, 77, 74, 1, 0.68%, 0, 0, 3, 12.72
1737721053, 2, 0, 78, 75, 1, 0.68%, 0, 0, 3, 13.91
1737721063, 2, 0, 81, 78, 1, 0.69%, 0, 0, 3, 12.97
1737721068, 2, 0, 85, 82, 1, 0.70%, 0, 0, 3, 12.83
1737721073, 2, 0, 88, 85, 1, 0.73%, 0, 0, 3, 12.40
1737721078, 2, 0, 90, 87, 1, 0.74%, 0, 0, 3, 12.18
1737721084, 2, 0, 92, 89, 1, 0.74%, 0, 0, 3, 12.51
1737721089, 2, 0, 93, 90, 1, 0.74%, 0, 0, 3, 13.02
1737721094, 2, 0, 97, 94, 1, 0.76%, 0, 0, 3, 13.12
1737721099, 2, 0, 99, 96, 1, 0.76%, 0, 0, 3, 13.20
1737721104, 2, 0, 101, 98, 1, 0.76%, 0, 0, 3, 13.38
1737721109, 2, 0, 102, 99, 1, 0.76%, 0, 0, 3, 12.54
1737721114, 2, 0, 105, 102, 1, 0.77%, 0, 0, 3, 11.62
1737721119, 2, 0, 106, 103, 1, 0.77%, 0, 2, 3, 11.06
1737721124, 2, 0, 108, 105, 1, 0.77%, 0, 2, 3, 11.18
1737721130, 2, 0, 111, 108, 1, 0.79%, 0, 2, 3, 11.55
1737721140, 2, 0, 112, 109, 1, 0.80%, 0, 2, 3, 11.12
1737721145, 2, 0, 115, 112, 1, 0.81%, 0, 2, 3, 11.65
1737721150, 2, 0, 117, 114, 1, 0.83%, 0, 2, 3, 11.86
1737721155, 2, 0, 118, 115, 1, 0.83%, 0, 2, 3, 12.68
1737721160, 2, 0, 119, 116, 1, 0.83%, 0, 2, 3, 12.04
1737721171, 2, 0, 120, 117, 1, 0.84%, 0, 2, 3, 12.07
1737721176, 2, 0, 121, 118, 1, 0.84%, 0, 2, 3, 12.19
1737721181, 2, 0, 122, 119, 1, 0.84%, 0, 2, 3, 11.96
1737721191, 2, 0, 124, 121, 1, 0.84%, 0, 2, 3, 12.01
1737721196, 2, 0, 125, 122, 1, 0.84%, 0, 2, 3, 11.84
1737721222, 2, 0, 126, 123, 1, 0.84%, 0, 2, 3, 11.22
1737721227, 2, 0, 127, 124, 1, 0.84%, 0, 2, 3, 11.28
1737721232, 2, 0, 127, 124, 1, 0.84%, 0, 3, 3, 1.79
1737721237, 2, 0, 128, 125, 1, 0.84%, 0, 3, 3, 10.68
1737721263, 2, 0, 128, 125, 1, 0.84%, 0, 4, 3, 10.22
1737721278, 2, 0, 129, 126, 1, 0.84%, 0, 4, 3, 10.19
1737721309, 2, 1, 129, 126, 1, 0.84%, 0, 4, 3, 10.33
1737721334, 2, 11, 129, 125, 0, 0.84%, 0, 4, 3, 10.59
1737721360, 2, 33, 131, 126, 0, 0.85%, 0, 4, 3, 11.95
1737721365, 2, 33, 132, 127, 0, 0.85%, 0, 4, 3, 13.65
1737721370, 2, 33, 133, 128, 0, 0.85%, 0, 4, 3, 14.92
1737721375, 2, 33, 134, 129, 0, 0.85%, 0, 4, 3, 15.05
1737721391, 2, 33, 135, 130, 0, 0.85%, 0, 4, 3, 15.51
1737721406, 2, 33, 136, 131, 0, 0.85%, 0, 4, 3, 14.53
1737721411, 2, 33, 137, 132, 0, 0.85%, 0, 4, 3, 15.48
1737721416, 2, 33, 138, 133, 0, 0.85%, 0, 4, 3, 14.45
1737721422, 2, 33, 139, 134, 0, 0.85%, 0, 4, 3, 13.98
1737721427, 2, 33, 141, 136, 0, 0.86%, 0, 4, 3, 13.80
1737721432, 2, 33, 142, 137, 0, 0.86%, 0, 4, 3, 13.05
1737721442, 2, 33, 143, 138, 0, 0.86%, 0, 4, 3, 13.26
1737721447, 2, 33, 144, 139, 0, 0.86%, 0, 4, 3, 13.46
1737721452, 2, 33, 145, 140, 0, 0.87%, 0, 4, 3, 12.96
1737721462, 2, 33, 146, 141, 0, 0.87%, 0, 4, 3, 13.64
1737721467, 2, 33, 147, 142, 0, 0.87%, 0, 4, 3, 13.19
1737721473, 2, 33, 148, 143, 0, 0.87%, 0, 4, 3, 13.40
1737721483, 3, 32, 148, 142, 0, 0.87%, 0, 4, 3, 13.50
1737721498, 3, 32, 149, 143, 0, 0.87%, 0, 4, 3, 12.06
1737721509, 3, 56, 149, 142, 0, 0.87%, 0, 4, 3, 11.61
1737721519, 3, 56, 150, 143, 0, 0.87%, 0, 4, 3, 10.63
1737721534, 3, 108, 151, 143, 4294967295, 0.88%, 0, 4, 3, 11.81
1737721540, 3, 108, 152, 144, 4294967295, 0.88%, 0, 4, 3, 12.56
1737721565, 3, 108, 153, 145, 4294967295, 0.89%, 0, 4, 3, 12.27
1737721570, 3, 108, 154, 146, 4294967295, 0.89%, 0, 4, 3, 11.62
1737721581, 4, 87, 154, 145, 0, 0.89%, 0, 4, 3, 11.26
1737721586, 4, 87, 155, 146, 0, 0.89%, 0, 4, 3, 11.07
1737721601, 4, 87, 155, 146, 0, 0.89%, 0, 5, 3, 10.02
1737721622, 4, 111, 155, 145, 0, 0.89%, 0, 5, 3, 9.39
1737721642, 4, 111, 156, 146, 0, 0.89%, 0, 5, 3, 9.19
1737721652, 4, 113, 156, 145, 0, 0.89%, 0, 5, 3, 9.71
1737721678, 4, 115, 156, 144, 4294967295, 0.89%, 0, 5, 3, 11.18
1737721693, 4, 115, 157, 145, 4294967295, 0.89%, 0, 5, 3, 10.65
1737721709, 4, 119, 157, 144, 4294967294, 0.89%, 0, 5, 3, 11.99
1737721734, 5, 1, 158, 144, 4294967294, 0.89%, 0, 5, 3, 12.35
1737721755, 5, 1, 159, 145, 4294967294, 0.89%, 0, 5, 3, 11.14
1737721760, 5, 3, 159, 145, 0, 0.89%, 0, 5, 3, 11.67
1737721781, 5, 39, 159, 144, 0, 0.89%, 0, 5, 3, 12.07
1737721801, 5, 71, 160, 144, 0, 0.89%, 0, 5, 3, 11.18
1737721812, 5, 71, 162, 146, 0, 0.90%, 0, 5, 3, 12.30
1737721817, 5, 71, 163, 147, 0, 0.90%, 0, 5, 3, 11.57
1737721842, 6, 1, 165, 148, 2, 0.91%, 0, 5, 3, 11.86
1737721848, 6, 1, 167, 150, 2, 0.91%, 0, 5, 3, 12.19
1737721853, 6, 1, 168, 151, 2, 0.92%, 0, 5, 3, 12.68
1737721863, 6, 1, 169, 152, 2, 0.92%, 0, 5, 3, 12.41
1737721868, 6, 1, 170, 153, 2, 0.92%, 0, 5, 3, 12.18
1737721884, 6, 1, 171, 154, 2, 0.92%, 0, 5, 3, 12.59
1737721889, 6, 1, 173, 156, 2, 0.92%, 0, 5, 3, 11.84
1737721899, 6, 1, 174, 157, 2, 0.92%, 0, 5, 3, 11.74
1737721904, 6, 1, 175, 158, 2, 0.92%, 0, 5, 3, 11.20
1737721915, 6, 1, 176, 159, 2, 0.93%, 0, 5, 3, 11.45
1737721925, 6, 1, 176, 159, 1, 0.93%, 0, 5, 3, 11.46
1737721930, 6, 1, 177, 160, 1, 0.93%, 0, 5, 3, 10.91
1737721940, 6, 1, 178, 161, 1, 0.94%, 0, 5, 3, 11.22
1737721945, 6, 1, 179, 162, 1, 0.94%, 0, 5, 3, 10.96
1737721956, 6, 76, 180, 163, 0, 0.94%, 0, 5, 3, 10.60
1737721981, 6, 76, 181, 164, 0, 0.95%, 0, 5, 3, 10.52
1737721986, 6, 107, 181, 163, 0, 0.95%, 0, 5, 3, 10.24
1737722017, 6, 169, 181, 162, 0, 0.95%, 0, 5, 3, 10.15
1737722038, 6, 169, 182, 163, 0, 0.95%, 0, 5, 3, 10.26
1737722048, 6, 169, 183, 164, 0, 0.96%, 0, 5, 3, 10.25
1737722053, 6, 169, 184, 165, 0, 0.96%, 0, 5, 3, 10.10
1737722059, 8, 14, 185, 165, 0, 0.96%, 0, 5, 3, 10.33
1737722084, 8, 40, 185, 164, 0, 0.96%, 0, 5, 3, 11.75
1737722104, 8, 100, 185, 163, 0, 0.96%, 0, 5, 3, 11.89
1737722135, 8, 136, 185, 162, 0, 0.96%, 0, 5, 3, 10.79
1737722140, 8, 136, 186, 163, 0, 0.96%, 0, 5, 4, 10.75
1737722150, 8, 136, 187, 164, 0, 0.97%, 0, 5, 4, 10.94
1737722166, 8, 150, 187, 163, 2, 0.97%, 0, 5, 4, 11.09
1737722192, 9, 87, 187, 162, 1, 0.97%, 0, 5, 4, 11.30
1737722223, 9, 111, 187, 162, 1, 0.97%, 0, 5, 4, 9.48
1737722253, 9, 113, 187, 162, 1, 0.97%, 0, 5, 4, 9.79
1737722263, 9, 113, 187, 162, 1, 0.97%, 0, 6, 4, 12.96
1737722284, 9, 115, 187, 162, 1, 0.97%, 0, 6, 4, 11.11
1737722309, 9, 155, 187, 162, 1, 0.97%, 0, 6, 4, 9.77
1737722345, 10, 20, 187, 161, 1, 0.97%, 0, 6, 4, 9.10
1737722350, 10, 20, 188, 162, 1, 0.97%, 0, 6, 4, 10.98
1737722355, 10, 20, 189, 163, 1, 0.97%, 0, 6, 4, 10.64
1737722365, 10, 20, 190, 164, 1, 0.97%, 0, 6, 4, 12.49
1737722376, 10, 65, 190, 163, 0, 0.97%, 0, 6, 4, 15.64
1737722391, 10, 66, 190, 162, 0, 0.97%, 0, 6, 4, 15.98
1737722412, 10, 79, 190, 161, 0, 0.97%, 0, 6, 4, 12.69
1737722417, 10, 79, 191, 162, 0, 0.97%, 0, 6, 4, 12.57
1737722422, 10, 79, 192, 163, 0, 0.97%, 0, 6, 4, 11.85
1737722437, 10, 125, 192, 162, 7, 0.97%, 0, 6, 4, 12.54
1737722447, 10, 125, 193, 163, 7, 0.97%, 0, 6, 4, 11.77
1737722463, 11, 110, 193, 162, 2, 0.97%, 0, 6, 4, 12.02
1737722499, 12, 84, 194, 162, 1, 0.97%, 0, 6, 4, 10.86
1737722504, 12, 84, 195, 163, 1, 0.97%, 0, 6, 4, 11.70
1737722514, 12, 84, 196, 164, 1, 0.97%, 0, 6, 4, 12.44
1737722545, 12, 84, 197, 165, 1, 0.97%, 0, 6, 4, 11.34
1737722556, 12, 84, 198, 166, 1, 0.97%, 0, 6, 4, 11.11
1737722561, 12, 123, 198, 165, 0, 0.97%, 0, 6, 4, 10.30
1737722586, 12, 178, 198, 164, 0, 0.97%, 0, 6, 4, 10.17
1737722618, 12, 178, 199, 165, 0, 0.97%, 0, 6, 4, 10.31
1737722623, 13, 20, 199, 164, 0, 0.97%, 0, 6, 4, 11.29
1737722628, 13, 20, 200, 165, 0, 0.97%, 0, 6, 4, 11.40
1737722648, 13, 127, 200, 165, 0, 0.97%, 0, 6, 4, 10.84
1737722674, 14, 112, 200, 164, 0, 0.97%, 0, 6, 4, 9.88
1737722700, 14, 112, 201, 165, 0, 0.97%, 0, 6, 4, 10.14
1737722705, 14, 136, 201, 164, 0, 0.97%, 0, 6, 4, 10.64
1737722735, 14, 153, 202, 165, 0, 0.97%, 0, 6, 4, 11.55
1737722745, 14, 153, 203, 166, 0, 0.97%, 0, 6, 4, 11.71
1737722751, 14, 153, 205, 168, 0, 0.98%, 0, 6, 4, 11.42
1737722807, 14, 154, 205, 167, 1, 0.98%, 0, 6, 4, 11.61
1737722827, 14, 154, 206, 168, 1, 0.98%, 0, 6, 4, 10.36
1737722842, 14, 154, 207, 169, 1, 0.98%, 0, 6, 4, 10.17
1737722847, 14, 155, 207, 168, 0, 0.98%, 0, 6, 4, 9.39
1737722873, 15, 113, 207, 168, 0, 0.98%, 0, 6, 4, 9.86
1737722878, 15, 113, 209, 170, 0, 0.98%, 0, 6, 4, 10.36
1737722883, 15, 113, 209, 170, 0, 0.98%, 0, 7, 4, 10.22
1737722909, 15, 156, 209, 170, 0, 0.98%, 0, 7, 4, 10.16
1737722940, 15, 184, 210, 170, 0, 0.98%, 0, 7, 4, 10.22
1737722976, 15, 191, 211, 170, 0, 0.98%, 0, 7, 4, 10.80
1737722981, 15, 191, 212, 171, 0, 1.00%, 0, 7, 4, 11.39
1737722986, 15, 191, 213, 172, 0, 1.00%, 0, 7, 4, 11.31
1737722991, 15, 191, 214, 173, 0, 1.00%, 0, 7, 4, 11.42
1737723073, 16, 22, 214, 171, 6, 1.00%, 0, 7, 4, 11.90
1737723093, 16, 89, 214, 171, 6, 1.00%, 0, 7, 4, 12.49
1737723109, 16, 89, 216, 173, 6, 1.00%, 0, 7, 4, 12.58
1737723124, 17, 82, 216, 172, 12, 1.00%, 0, 7, 4, 11.18
1737723129, 17, 82, 217, 173, 12, 1.00%, 0, 7, 4, 11.18
1737723150, 17, 164, 218, 173, 11, 1.01%, 0, 7, 4, 12.48
1737723155, 17, 164, 219, 174, 11, 1.01%, 0, 7, 4, 12.39
1737723165, 17, 164, 220, 175, 11, 1.01%, 0, 7, 4, 12.08
1737723175, 17, 164, 221, 176, 11, 1.04%, 0, 7, 4, 11.87
1737723201, 17, 164, 222, 177, 11, 1.04%, 0, 7, 4, 12.23
1737723242, 18, 126, 222, 176, 2, 1.04%, 0, 7, 4, 10.92
1737723258, 18, 126, 223, 177, 2, 1.04%, 0, 7, 4, 10.72
1737723273, 19, 91, 223, 176, 3, 1.04%, 0, 7, 4, 9.91
1737723298, 19, 162, 223, 175, 2, 1.04%, 0, 7, 4, 10.02
1737723334, 19, 182, 223, 174, 1, 1.04%, 0, 7, 4, 10.00
1737723370, 20, 132, 223, 173, 0, 1.04%, 0, 7, 4, 13.91
1737723385, 21, 34, 223, 172, 0, 1.04%, 0, 7, 4, 14.76
1737723395, 21, 34, 224, 173, 0, 1.04%, 0, 7, 4, 11.70
1737723411, 21, 130, 224, 172, 7, 1.04%, 0, 7, 4, 13.30
1737723421, 21, 130, 225, 173, 7, 1.04%, 0, 7, 4, 12.66
1737723431, 21, 130, 226, 174, 7, 1.04%, 0, 7, 4, 12.97
1737723436, 21, 148, 226, 173, 1, 1.04%, 0, 7, 4, 13.32
1737723446, 21, 148, 227, 174, 1, 1.04%, 0, 7, 4, 13.26
1737723461, 21, 149, 227, 173, 1, 1.04%, 0, 7, 4, 11.27
1737723482, 21, 149, 228, 174, 1, 1.04%, 0, 7, 4, 10.19
1737723487, 21, 203, 228, 173, 1, 1.04%, 0, 7, 4, 10.48
1737723497, 21, 203, 229, 174, 1, 1.04%, 0, 7, 5, 12.38
1737723544, 21, 203, 230, 175, 1, 1.04%, 0, 7, 5, 11.60
1737723595, 22, 87, 230, 174, 1, 1.04%, 0, 7, 5, 10.78
1737723620, 22, 177, 230, 174, 1, 1.04%, 0, 7, 5, 10.16
1737723651, 23, 113, 230, 173, 0, 1.04%, 0, 7, 5, 10.04
1737723656, 23, 113, 231, 174, 0, 1.04%, 0, 7, 5, 10.35
1737723682, 23, 115, 231, 174, 0, 1.04%, 0, 7, 5, 10.85
1737723692, 23, 115, 232, 175, 0, 1.04%, 0, 7, 5, 10.88
1737723702, 23, 207, 232, 175, 0, 1.04%, 0, 7, 5, 11.06
1737723707, 23, 207, 233, 176, 0, 1.04%, 0, 7, 5, 10.48
1737723748, 23, 213, 233, 175, 1, 1.04%, 0, 7, 5, 11.07
1737723799, 24, 27, 233, 174, 0, 1.04%, 0, 7, 5, 11.66
1737723815, 24, 27, 234, 175, 0, 1.04%, 0, 7, 5, 11.27
1737723825, 24, 65, 234, 174, 0, 1.04%, 0, 7, 5, 20.93
1737723835, 24, 125, 234, 174, 0, 1.04%, 0, 7, 5, 18.43
1737723840, 24, 125, 235, 175, 0, 1.04%, 0, 7, 5, 14.51
1737723850, 24, 125, 237, 177, 0, 1.04%, 0, 7, 5, 11.82
1737723866, 25, 87, 237, 177, 10, 1.04%, 0, 7, 5, 11.61
1737723881, 25, 87, 238, 178, 10, 1.04%, 0, 7, 5, 11.38
1737723886, 25, 87, 239, 179, 10, 1.05%, 0, 7, 5, 11.29
1737723891, 25, 165, 239, 179, 8, 1.05%, 0, 7, 5, 11.98
1737723897, 25, 165, 240, 180, 8, 1.05%, 0, 7, 5, 12.73
1737723917, 25, 165, 241, 181, 8, 1.05%, 0, 7, 5, 12.18
1737723932, 26, 160, 241, 180, 2, 1.05%, 0, 7, 5, 12.55
1737723958, 26, 160, 242, 181, 2, 1.05%, 0, 7, 5, 12.28
1737723963, 27, 150, 242, 180, 3, 1.05%, 0, 7, 5, 10.34
1737723994, 27, 167, 244, 182, 3, 1.05%, 0, 7, 5, 10.48
1737723999, 27, 167, 245, 183, 3, 1.05%, 0, 7, 5, 10.41
1737724020, 27, 167, 246, 184, 3, 1.05%, 0, 7, 5, 10.46
1737724030, 27, 167, 247, 185, 3, 1.05%, 0, 7, 5, 10.69
1737724035, 27, 167, 248, 186, 3, 1.05%, 0, 7, 5, 10.62
1737724096, 27, 183, 248, 185, 2, 1.05%, 0, 7, 5, 10.43
1737724127, 29, 44, 248, 184, 1, 1.05%, 0, 7, 5, 10.55
1737724152, 29, 131, 248, 183, 0, 1.05%, 0, 7, 5, 12.04
1737724178, 30, 47, 248, 182, 0, 1.05%, 0, 7, 5, 10.99
1737724199, 30, 185, 248, 181, 0, 1.05%, 0, 7, 5, 10.95
1737724250, 30, 228, 248, 180, 4294967295, 1.05%, 0, 7, 5, 10.62
1737724260, 30, 228, 249, 181, 4294967295, 1.05%, 0, 7, 6, 11.30
1737724265, 30, 228, 250, 182, 4294967295, 1.05%, 0, 7, 6, 11.32
1737724312, 30, 228, 251, 183, 4294967295, 1.06%, 0, 7, 6, 11.32
1737724363, 31, 154, 251, 182, 0, 1.06%, 0, 7, 6, 10.56
1737724389, 32, 111, 251, 182, 0, 1.06%, 0, 7, 6, 10.08
