# unix_time, cycles_done, cur_path, paths_total, pending_total, pending_favs, map_size, unique_crashes, unique_hangs, max_depth, execs_per_sec
1737729711, 0, 0, 3, 3, 2, 0.57%, 0, 0, 2, 12.88
1737729716, 0, 0, 8, 8, 2, 0.58%, 0, 0, 2, 11.71
1737729721, 0, 0, 12, 12, 2, 0.58%, 0, 0, 2, 11.11
1737729726, 0, 0, 19, 19, 2, 0.59%, 0, 0, 2, 12.93
1737729731, 0, 0, 23, 23, 2, 0.60%, 0, 0, 2, 12.39
1737729736, 0, 0, 27, 27, 2, 0.61%, 0, 0, 2, 11.99
1737729742, 0, 0, 32, 32, 2, 0.61%, 0, 0, 2, 11.90
1737729747, 0, 0, 38, 38, 2, 0.62%, 0, 0, 2, 13.96
1737729752, 0, 0, 40, 40, 2, 0.63%, 0, 0, 2, 12.85
1737729757, 0, 0, 42, 42, 2, 0.64%, 0, 0, 2, 12.70
1737729762, 0, 0, 43, 43, 2, 0.66%, 0, 0, 2, 11.82
1737729767, 0, 0, 44, 44, 2, 0.66%, 0, 0, 2, 11.99
1737729772, 0, 0, 45, 45, 2, 0.66%, 0, 0, 2, 11.69
1737729783, 0, 0, 46, 46, 2, 0.66%, 0, 0, 2, 12.01
1737729793, 0, 0, 47, 47, 2, 0.66%, 0, 0, 2, 11.62
1737729798, 0, 0, 49, 49, 2, 0.68%, 0, 0, 2, 12.71
1737729803, 0, 0, 50, 50, 2, 0.68%, 0, 0, 2, 11.73
1737729808, 0, 0, 51, 51, 2, 0.69%, 0, 0, 2, 12.87
1737729824, 0, 0, 53, 53, 2, 0.69%, 0, 0, 2, 11.80
1737729829, 0, 0, 55, 55, 2, 0.69%, 0, 0, 2, 11.20
1737729834, 0, 0, 56, 56, 2, 0.69%, 0, 0, 2, 11.74
1737729849, 0, 0, 58, 58, 2, 0.69%, 0, 0, 2, 11.51
1737729865, 0, 6, 59, 58, 0, 0.69%, 0, 0, 3, 12.53
1737729875, 0, 6, 61, 60, 0, 0.69%, 0, 0, 3, 12.68
1737729885, 0, 6, 62, 61, 0, 0.70%, 0, 0, 3, 13.18
1737729891, 0, 6, 64, 63, 0, 0.70%, 0, 0, 3, 12.59
1737729896, 0, 6, 66, 65, 0, 0.70%, 0, 0, 3, 12.21
1737729906, 1, 0, 69, 67, 1, 0.72%, 0, 0, 3, 12.52
1737729911, 1, 0, 70, 68, 1, 0.72%, 0, 0, 3, 12.39
1737729916, 1, 0, 72, 70, 1, 0.72%, 0, 0, 3, 12.13
1737729921, 1, 0, 73, 71, 1, 0.72%, 0, 0, 3, 12.07
1737729927, 1, 0, 75, 73, 1, 0.73%, 0, 0, 3, 12.88
1737729937, 1, 0, 76, 74, 1, 0.74%, 0, 0, 3, 13.04
1737729942, 1, 0, 77, 75, 1, 0.74%, 0, 0, 3, 12.44
1737729957, 1, 0, 78, 76, 1, 0.74%, 0, 0, 3, 12.36
1737729962, 1, 0, 79, 77, 1, 0.74%, 0, 0, 3, 11.59
1737729968, 1, 0, 81, 79, 1, 0.74%, 0, 0, 3, 12.17
1737729973, 1, 0, 82, 80, 1, 0.75%, 0, 0, 3, 12.04
1737729978, 1, 0, 85, 83, 1, 0.75%, 0, 0, 3, 10.98
1737729983, 1, 0, 87, 85, 1, 0.75%, 0, 0, 3, 11.24
1737729988, 1, 0, 88, 86, 1, 0.75%, 0, 0, 3, 11.17
1737729994, 1, 0, 89, 87, 1, 0.75%, 0, 0, 3, 11.61
1737730004, 1, 0, 90, 88, 1, 0.75%, 0, 0, 3, 12.47
1737730009, 1, 0, 91, 89, 1, 0.75%, 0, 0, 3, 12.18
1737730014, 1, 0, 94, 92, 1, 0.76%, 0, 0, 3, 12.54
1737730019, 1, 0, 95, 93, 1, 0.78%, 0, 0, 3, 12.83
1737730024, 1, 0, 98, 96, 1, 0.78%, 0, 0, 3, 12.84
1737730030, 1, 0, 100, 98, 1, 0.81%, 0, 0, 3, 13.05
1737730035, 1, 0, 101, 99, 1, 0.81%, 0, 0, 3, 13.69
1737730045, 1, 0, 104, 102, 1, 0.84%, 0, 0, 3, 13.75
1737730050, 1, 0, 105, 103, 1, 0.84%, 0, 0, 3, 13.43
1737730055, 1, 0, 106, 104, 1, 0.84%, 0, 0, 3, 13.03
1737730065, 1, 0, 109, 107, 1, 0.85%, 0, 0, 3, 12.52
1737730070, 1, 0, 110, 108, 1, 0.85%, 0, 0, 3, 13.27
1737730075, 1, 0, 111, 109, 1, 0.85%, 0, 0, 3, 13.59
1737730086, 1, 0, 113, 111, 1, 0.86%, 0, 0, 3, 12.90
1737730091, 1, 0, 115, 113, 1, 0.86%, 0, 0, 3, 12.17
1737730096, 1, 0, 116, 114, 1, 0.86%, 0, 0, 3, 12.39
1737730101, 1, 0, 118, 116, 1, 0.86%, 0, 0, 3, 12.84
1737730106, 1, 0, 121, 119, 1, 0.87%, 0, 1, 3, 11.77
1737730112, 1, 0, 124, 122, 1, 0.89%, 0, 1, 3, 12.18
1737730117, 1, 0, 125, 123, 1, 0.89%, 0, 1, 3, 12.48
1737730122, 1, 0, 126, 124, 1, 0.90%, 0, 1, 3, 12.30
1737730132, 1, 0, 127, 125, 1, 0.90%, 0, 1, 3, 11.90
1737730137, 1, 0, 128, 126, 1, 0.90%, 0, 1, 3, 11.57
1737730148, 1, 0, 129, 127, 1, 0.91%, 0, 1, 3, 11.99
1737730158, 1, 0, 129, 127, 1, 0.91%, 0, 2, 3, 11.44
1737730174, 1, 0, 130, 128, 1, 0.91%, 0, 2, 3, 11.88
1737730179, 1, 0, 131, 129, 1, 0.92%, 0, 2, 3, 12.10
1737730189, 1, 0, 132, 130, 1, 0.92%, 0, 2, 3, 11.24
1737730205, 1, 0, 133, 131, 1, 0.92%, 0, 2, 3, 11.29
1737730272, 1, 1, 133, 131, 1, 0.92%, 0, 2, 3, 10.01
1737730297, 1, 8, 133, 130, 0, 0.92%, 0, 2, 3, 11.42
1737730308, 1, 8, 135, 132, 0, 0.92%, 0, 2, 3, 12.89
1737730313, 1, 8, 136, 133, 0, 0.92%, 0, 2, 3, 12.28
1737730323, 1, 8, 137, 134, 0, 0.92%, 0, 2, 3, 12.14
1737730328, 2, 3, 137, 133, 0, 0.92%, 0, 2, 3, 11.96
1737730343, 2, 3, 139, 135, 0, 0.92%, 0, 2, 3, 12.06
1737730353, 2, 62, 139, 134, 0, 0.92%, 0, 2, 3, 10.88
1737730358, 2, 62, 140, 135, 0, 0.92%, 0, 2, 4, 13.61
1737730364, 2, 62, 141, 136, 0, 0.93%, 0, 2, 4, 13.35
1737730369, 2, 62, 142, 137, 0, 0.93%, 0, 2, 4, 11.98
1737730379, 2, 62, 143, 138, 0, 0.93%, 0, 2, 4, 12.80
1737730384, 2, 64, 143, 137, 0, 0.93%, 0, 2, 4, 13.00
1737730394, 2, 64, 144, 138, 0, 0.93%, 0, 2, 4, 11.84
1737730404, 2, 64, 146, 140, 0, 0.94%, 0, 2, 4, 11.50
1737730415, 2, 128, 146, 139, 0, 0.94%, 0, 2, 4, 10.17
1737730445, 3, 100, 146, 138, 4294967295, 0.94%, 0, 2, 4, 11.64
1737730450, 3, 100, 147, 139, 4294967295, 0.94%, 0, 2, 4, 11.75
1737730456, 3, 100, 148, 140, 4294967295, 0.94%, 0, 2, 4, 11.78
1737730461, 3, 100, 149, 141, 4294967295, 0.95%, 0, 2, 4, 11.90
1737730476, 3, 103, 149, 140, 0, 0.95%, 0, 2, 4, 12.42
1737730481, 3, 103, 149, 140, 0, 0.95%, 0, 3, 4, 12.95
1737730486, 3, 103, 150, 141, 0, 0.95%, 0, 3, 4, 11.79
1737730491, 3, 103, 151, 142, 0, 0.95%, 0, 3, 4, 11.30
1737730506, 3, 111, 151, 141, 0, 0.95%, 0, 3, 4, 12.32
1737730522, 3, 111, 151, 141, 0, 0.95%, 0, 4, 4, 13.38
1737730532, 3, 120, 151, 140, 0, 0.95%, 0, 4, 4, 11.78
1737730537, 3, 120, 152, 141, 0, 0.95%, 0, 4, 4, 11.58
1737730547, 3, 120, 153, 142, 0, 0.95%, 0, 4, 4, 11.06
1737730552, 3, 120, 154, 143, 0, 0.95%, 0, 4, 4, 10.84
1737730568, 3, 123, 154, 142, 0, 0.95%, 0, 4, 4, 12.53
1737730573, 3, 123, 155, 143, 0, 0.95%, 0, 4, 4, 10.29
1737730598, 3, 144, 155, 142, 0, 0.95%, 0, 4, 4, 12.67
1737730613, 3, 144, 157, 144, 0, 0.95%, 0, 4, 5, 12.59
1737730628, 4, 1, 157, 143, 4294967295, 0.95%, 0, 4, 5, 11.79
1737730654, 4, 41, 157, 143, 4294967295, 0.95%, 0, 4, 5, 11.46
1737730674, 5, 1, 159, 144, 4294967294, 0.95%, 0, 4, 5, 13.25
1737730690, 5, 1, 160, 145, 4294967294, 0.95%, 0, 4, 5, 11.86
1737730695, 5, 1, 161, 146, 4294967294, 0.95%, 0, 4, 5, 12.31
1737730700, 5, 1, 162, 147, 4294967294, 0.95%, 0, 4, 5, 11.49
1737730706, 5, 1, 164, 149, 4294967294, 0.95%, 0, 4, 5, 11.18
1737730716, 5, 1, 164, 149, 12, 0.95%, 0, 4, 5, 12.18
1737730726, 5, 1, 165, 150, 12, 0.95%, 0, 4, 5, 12.49
1737730731, 5, 1, 167, 152, 12, 0.95%, 0, 4, 5, 11.69
1737730736, 5, 1, 169, 154, 12, 0.96%, 0, 4, 5, 11.50
1737730762, 5, 1, 169, 154, 3, 0.96%, 0, 4, 5, 11.62
1737730778, 5, 1, 171, 156, 3, 0.96%, 0, 4, 5, 10.81
1737730803, 5, 1, 172, 157, 3, 0.96%, 0, 4, 5, 11.39
1737730808, 5, 1, 173, 158, 3, 0.96%, 0, 4, 5, 10.89
1737730819, 5, 19, 173, 158, 0, 0.96%, 0, 4, 5, 10.28
1737730844, 5, 84, 173, 157, 0, 0.96%, 0, 4, 5, 9.54
1737730875, 6, 69, 173, 156, 0, 0.96%, 0, 4, 5, 10.00
1737730880, 6, 69, 174, 157, 0, 0.96%, 0, 4, 5, 10.19
1737730885, 6, 69, 175, 158, 0, 0.96%, 0, 4, 5, 10.11
1737730910, 6, 83, 175, 157, 0, 0.96%, 0, 4, 5, 9.79
1737730941, 7, 27, 175, 156, 0, 0.96%, 0, 4, 5, 11.29
1737730951, 7, 27, 176, 157, 0, 0.96%, 0, 4, 5, 11.51
1737730966, 8, 4, 176, 156, 0, 0.96%, 0, 4, 5, 12.22
1737730976, 8, 4, 177, 157, 0, 0.96%, 0, 4, 5, 11.77
1737730981, 8, 4, 178, 158, 0, 0.96%, 0, 4, 5, 11.26
1737730992, 8, 126, 178, 157, 2, 0.96%, 0, 4, 5, 11.18
1737730997, 8, 126, 179, 158, 2, 0.96%, 0, 4, 5, 10.27
1737731027, 9, 108, 179, 157, 2, 0.96%, 0, 4, 5, 11.21
1737731053, 10, 81, 179, 156, 2, 0.96%, 0, 4, 5, 11.43
1737731079, 10, 109, 180, 156, 1, 0.96%, 0, 4, 5, 11.45
1737731104, 11, 103, 180, 155, 1, 0.96%, 0, 4, 5, 11.56
1737731115, 11, 103, 182, 157, 1, 0.96%, 0, 4, 5, 10.77
1737731125, 11, 103, 182, 157, 1, 0.96%, 0, 5, 5, 10.48
1737731136, 11, 125, 182, 157, 0, 0.96%, 0, 5, 5, 11.47
1737731141, 11, 125, 182, 157, 0, 0.96%, 0, 6, 5, 10.72
1737731146, 11, 125, 183, 158, 0, 0.96%, 0, 6, 5, 10.93
1737731151, 11, 125, 184, 159, 0, 0.96%, 0, 6, 5, 11.11
1737731166, 12, 120, 184, 158, 1, 0.96%, 0, 6, 5, 11.64
1737731182, 12, 120, 185, 159, 1, 0.96%, 0, 6, 5, 10.53
1737731187, 12, 120, 186, 160, 1, 0.96%, 0, 6, 5, 10.65
1737731197, 12, 123, 186, 160, 0, 0.96%, 0, 6, 5, 11.91
1737731212, 12, 123, 187, 161, 0, 0.96%, 0, 6, 5, 11.94
1737731218, 12, 144, 187, 161, 0, 0.96%, 0, 6, 5, 11.44
1737731233, 12, 144, 188, 162, 0, 0.96%, 0, 6, 5, 10.67
1737731248, 12, 144, 189, 163, 0, 0.97%, 0, 6, 5, 12.47
1737731253, 12, 168, 189, 163, 0, 0.97%, 0, 6, 5, 11.86
1737731274, 12, 168, 190, 164, 0, 0.97%, 0, 6, 5, 10.45
1737731295, 13, 10, 190, 163, 4294967295, 0.97%, 0, 6, 5, 10.86
1737731300, 13, 47, 190, 162, 4294967294, 0.97%, 0, 6, 5, 11.88
1737731320, 13, 66, 190, 161, 4294967293, 0.97%, 0, 6, 5, 12.49
1737731330, 13, 66, 191, 162, 4294967293, 0.97%, 0, 6, 5, 12.04
1737731346, 13, 92, 191, 161, 4294967292, 0.97%, 0, 6, 5, 11.71
1737731356, 13, 92, 192, 162, 4294967292, 0.97%, 0, 6, 5, 11.60
1737731366, 13, 92, 193, 163, 4294967292, 0.97%, 0, 6, 5, 11.76
1737731371, 13, 129, 193, 162, 3, 0.97%, 0, 6, 5, 12.15
1737731381, 13, 129, 194, 163, 3, 0.97%, 0, 6, 5, 11.55
1737731397, 13, 171, 195, 163, 2, 0.97%, 0, 6, 5, 12.03
1737731402, 13, 171, 196, 164, 2, 0.97%, 0, 6, 5, 11.57
1737731412, 13, 171, 197, 165, 2, 0.97%, 0, 6, 5, 11.40
1737731427, 13, 171, 198, 166, 2, 0.98%, 0, 6, 5, 11.67
1737731432, 13, 171, 199, 167, 2, 0.98%, 0, 6, 5, 11.19
1737731463, 13, 171, 200, 168, 2, 0.99%, 0, 6, 5, 11.92
1737731494, 13, 171, 201, 169, 2, 0.99%, 0, 6, 5, 10.64
1737731499, 14, 100, 201, 168, 0, 0.99%, 0, 6, 5, 10.74
1737731520, 14, 111, 201, 168, 0, 0.99%, 0, 6, 5, 10.41
1737731545, 15, 101, 202, 169, 0, 0.99%, 0, 6, 5, 10.78
1737731576, 16, 37, 202, 168, 0, 0.99%, 0, 6, 5, 10.73
1737731587, 16, 37, 203, 169, 0, 0.99%, 0, 6, 5, 11.33
1737731592, 16, 37, 204, 170, 0, 0.99%, 0, 6, 5, 11.44
1737731597, 16, 37, 205, 171, 0, 0.99%, 0, 6, 5, 11.40
1737731607, 16, 67, 205, 170, 3, 0.99%, 0, 6, 5, 12.45
1737731633, 16, 140, 205, 169, 2, 0.99%, 0, 6, 5, 12.21
1737731648, 16, 140, 206, 170, 2, 0.99%, 0, 6, 5, 12.15
1737731663, 17, 108, 206, 169, 1, 0.99%, 0, 6, 5, 11.13
1737731684, 17, 150, 206, 169, 1, 0.99%, 0, 6, 5, 10.48
1737731689, 17, 150, 207, 170, 1, 0.99%, 0, 6, 5, 9.78
1737731715, 17, 150, 208, 171, 1, 1.00%, 0, 6, 5, 9.49
1737731725, 18, 109, 208, 170, 1, 1.00%, 0, 6, 5, 11.41
1737731746, 18, 149, 208, 170, 1, 1.00%, 0, 6, 5, 11.61
1737731751, 18, 149, 209, 171, 1, 1.00%, 0, 6, 5, 11.65
1737731756, 18, 149, 210, 172, 1, 1.00%, 0, 6, 5, 11.64
1737731776, 18, 149, 212, 174, 1, 1.01%, 0, 6, 5, 11.35
1737731782, 18, 149, 213, 175, 1, 1.01%, 0, 6, 5, 11.26
1737731792, 19, 125, 213, 174, 1, 1.01%, 0, 6, 5, 11.61
1737731817, 19, 151, 213, 174, 1, 1.01%, 0, 6, 5, 10.89
1737731843, 19, 172, 213, 173, 0, 1.01%, 0, 6, 5, 10.48
1737731848, 19, 172, 214, 174, 0, 1.01%, 0, 6, 5, 10.17
1737731889, 20, 155, 214, 173, 2, 1.01%, 0, 6, 5, 11.24
1737731919, 20, 168, 214, 172, 2, 1.01%, 0, 6, 5, 11.10
1737731945, 20, 210, 215, 173, 2, 1.01%, 0, 6, 5, 11.27
1737731966, 20, 210, 216, 174, 2, 1.01%, 0, 6, 5, 11.70
1737731971, 20, 210, 217, 175, 2, 1.01%, 0, 6, 5, 11.29
1737732007, 20, 210, 217, 175, 2, 1.01%, 0, 7, 5, 11.56
1737732043, 20, 210, 218, 176, 2, 1.01%, 0, 7, 5, 10.54
1737732058, 21, 18, 219, 176, 5, 1.01%, 0, 7, 5, 12.26
1737732068, 21, 18, 220, 177, 5, 1.01%, 0, 7, 5, 11.03
1737732084, 21, 59, 220, 176, 4, 1.01%, 0, 7, 5, 10.87
1737732109, 21, 67, 220, 175, 3, 1.01%, 0, 7, 5, 12.10
1737732130, 21, 98, 220, 175, 3, 1.01%, 0, 7, 5, 12.56
1737732135, 21, 98, 221, 176, 3, 1.01%, 0, 7, 5, 12.95
1737732140, 21, 98, 222, 177, 3, 1.01%, 0, 7, 5, 13.70
1737732166, 21, 131, 222, 176, 1, 1.01%, 0, 7, 5, 11.75
1737732171, 21, 131, 223, 177, 1, 1.01%, 0, 7, 5, 10.66
1737732196, 21, 182, 223, 176, 3, 1.01%, 0, 7, 5, 10.06
1737732232, 22, 106, 223, 175, 2, 1.01%, 0, 7, 5, 10.02
1737732237, 22, 106, 224, 176, 2, 1.01%, 0, 7, 5, 10.58
1737732263, 23, 0, 224, 175, 1, 1.01%, 0, 7, 5, 10.20
1737732288, 23, 213, 224, 175, 1, 1.01%, 0, 7, 5, 9.95
1737732324, 24, 57, 225, 175, 0, 1.01%, 0, 7, 5, 10.49
1737732350, 24, 138, 225, 174, 3, 1.01%, 0, 7, 5, 12.35
1737732365, 24, 138, 226, 175, 3, 1.01%, 0, 7, 5, 11.52
1737732375, 24, 141, 226, 174, 2, 1.01%, 0, 7, 5, 11.61
1737732406, 24, 143, 227, 174, 1, 1.01%, 0, 7, 5, 11.21
1737732427, 24, 143, 228, 175, 1, 1.01%, 0, 7, 5, 11.40
1737732442, 24, 143, 229, 176, 1, 1.01%, 0, 7, 5, 10.45
1737732447, 24, 200, 229, 175, 1, 1.01%, 0, 7, 5, 10.77
1737732483, 25, 127, 229, 174, 0, 1.01%, 0, 7, 5, 10.98
1737732509, 25, 208, 229, 173, 0, 1.01%, 0, 7, 5, 11.01
1737732514, 25, 208, 230, 174, 0, 1.01%, 0, 8, 5, 10.86
1737732519, 25, 208, 231, 175, 0, 1.01%, 0, 8, 5, 10.71
1737732617, 25, 208, 232, 176, 0, 1.01%, 0, 8, 5, 10.51
1737732627, 26, 182, 233, 176, 1, 1.01%, 0, 8, 5, 10.95
1737732632, 26, 182, 234, 177, 1, 1.01%, 0, 8, 5, 11.24
1737732683, 26, 185, 234, 177, 1, 1.01%, 0, 8, 5, 10.32
1737732719, 27, 172, 235, 177, 0, 1.01%, 0, 8, 5, 10.36
1737732745, 27, 172, 236, 178, 0, 1.01%, 0, 8, 5, 9.77
1737732755, 28, 156, 237, 179, 2, 1.01%, 0, 8, 6, 11.76
1737732781, 28, 156, 238, 180, 2, 1.01%, 0, 8, 6, 11.41
1737732791, 28, 189, 238, 179, 0, 1.01%, 0, 8, 6, 11.90
1737732822, 28, 211, 238, 178, 0, 1.01%, 0, 8, 6, 11.24
1737732868, 29, 31, 238, 177, 0, 1.01%, 0, 8, 6, 11.90
1737732889, 29, 61, 239, 177, 0, 1.01%, 0, 8, 6, 13.27
1737732904, 29, 61, 240, 178, 0, 1.01%, 0, 8, 6, 12.36
1737732914, 29, 71, 241, 178, 0, 1.01%, 0, 8, 6, 12.22
1737732945, 29, 99, 241, 177, 0, 1.01%, 0, 8, 6, 11.52
1737732950, 29, 99, 242, 178, 0, 1.01%, 0, 8, 6, 11.73
1737732971, 29, 222, 242, 177, 1, 1.01%, 0, 8, 6, 11.07
1737733002, 30, 194, 242, 176, 0, 1.01%, 0, 8, 6, 10.48
1737733033, 30, 239, 242, 175, 0, 1.01%, 0, 8, 6, 10.39
1737733053, 30, 239, 243, 176, 0, 1.02%, 0, 8, 6, 11.51
1737733089, 31, 148, 243, 175, 0, 1.02%, 0, 8, 6, 10.19
1737733119, 32, 105, 243, 174, 0, 1.02%, 0, 8, 6, 10.59
1737733145, 33, 33, 243, 173, 0, 1.02%, 0, 8, 6, 16.15
1737733155, 33, 65, 243, 172, 0, 1.02%, 0, 8, 6, 20.06
1737733176, 33, 65, 244, 173, 0, 1.02%, 0, 8, 6, 10.88
1737733181, 33, 65, 245, 174, 0, 1.02%, 0, 8, 6, 10.70
1737733186, 33, 141, 245, 173, 2, 1.02%, 0, 8, 6, 10.88
1737733216, 33, 178, 245, 173, 2, 1.02%, 0, 8, 6, 9.76
1737733222, 33, 178, 247, 175, 2, 1.02%, 0, 8, 6, 9.46
1737733289, 33, 227, 247, 174, 2, 1.02%, 0, 8, 6, 11.83
