# unix_time, cycles_done, cur_path, paths_total, pending_total, pending_favs, map_size, unique_crashes, unique_hangs, max_depth, execs_per_sec
1738295617, 0, 0, 3, 3, 2, 0.73%, 0, 0, 2, 12.30
1738295622, 0, 0, 10, 10, 2, 0.76%, 0, 0, 2, 13.40
1738295627, 0, 0, 16, 16, 2, 0.76%, 0, 0, 2, 13.40
1738295632, 0, 0, 21, 21, 2, 0.76%, 0, 0, 2, 11.96
1738295637, 0, 0, 25, 25, 2, 0.76%, 0, 0, 2, 11.12
1738295642, 0, 0, 31, 31, 2, 0.76%, 0, 0, 2, 12.31
1738295648, 0, 0, 34, 34, 2, 0.78%, 0, 0, 2, 11.83
1738295653, 0, 0, 36, 36, 2, 0.78%, 0, 0, 2, 11.24
1738295658, 0, 0, 39, 39, 2, 0.79%, 0, 0, 2, 11.38
1738295668, 0, 0, 42, 42, 2, 0.79%, 0, 0, 2, 11.73
1738295678, 0, 0, 44, 44, 2, 0.79%, 0, 0, 2, 12.03
1738295683, 0, 0, 46, 46, 2, 0.80%, 0, 0, 2, 11.79
1738295688, 0, 0, 47, 47, 2, 0.80%, 0, 0, 2, 11.34
1738295693, 0, 0, 49, 49, 2, 0.80%, 0, 0, 2, 11.37
1738295698, 0, 0, 51, 51, 2, 0.80%, 0, 0, 2, 11.48
1738295704, 0, 0, 53, 53, 2, 0.81%, 0, 0, 2, 11.88
1738295709, 0, 0, 56, 56, 2, 0.82%, 0, 0, 2, 12.35
1738295714, 0, 0, 57, 57, 2, 0.82%, 0, 0, 2, 11.64
1738295729, 0, 0, 58, 58, 2, 0.83%, 0, 0, 2, 11.86
1738295739, 0, 0, 59, 59, 2, 0.83%, 0, 0, 2, 12.49
1738295745, 0, 0, 62, 62, 2, 0.83%, 0, 0, 2, 13.15
1738295750, 0, 0, 66, 66, 2, 0.84%, 0, 0, 2, 13.35
1738295755, 0, 0, 68, 68, 2, 0.84%, 0, 0, 2, 15.06
1738295760, 0, 0, 70, 70, 2, 0.85%, 0, 0, 2, 13.78
1738295770, 0, 0, 72, 72, 2, 0.86%, 0, 0, 2, 13.80
1738295775, 0, 0, 74, 74, 2, 0.86%, 0, 0, 2, 13.81
1738295780, 0, 0, 75, 75, 2, 0.86%, 0, 0, 2, 13.85
1738295786, 0, 0, 76, 76, 2, 0.86%, 0, 0, 2, 13.51
1738295791, 0, 0, 79, 79, 2, 0.86%, 0, 0, 2, 12.54
1738295796, 0, 0, 81, 81, 2, 0.87%, 0, 0, 2, 11.50
1738295806, 0, 0, 82, 82, 2, 0.87%, 0, 0, 2, 11.15
1738295811, 0, 5, 84, 83, 0, 0.87%, 0, 0, 3, 11.61
1738295816, 0, 5, 86, 85, 0, 0.87%, 0, 0, 3, 12.73
1738295821, 0, 5, 88, 87, 0, 0.89%, 0, 0, 3, 12.22
1738295832, 0, 5, 90, 89, 0, 0.89%, 0, 0, 3, 11.43
1738295852, 0, 5, 92, 91, 0, 0.90%, 0, 0, 3, 12.00
1738295867, 0, 5, 94, 93, 0, 0.90%, 0, 0, 3, 12.30
1738295872, 0, 5, 95, 94, 0, 0.90%, 0, 0, 3, 11.95
1738295883, 0, 5, 96, 95, 0, 0.90%, 0, 0, 3, 12.10
1738295888, 0, 5, 97, 96, 0, 0.91%, 0, 0, 3, 12.06
1738295898, 0, 5, 98, 97, 0, 0.91%, 0, 0, 3, 11.85
1738295903, 0, 5, 100, 99, 0, 0.91%, 0, 0, 3, 11.50
1738295924, 1, 0, 103, 101, 2, 0.91%, 0, 0, 3, 11.97
1738295934, 1, 0, 104, 102, 2, 0.91%, 0, 0, 3, 13.12
1738295945, 1, 0, 105, 103, 2, 0.92%, 0, 0, 3, 12.75
1738295955, 1, 0, 106, 104, 2, 0.92%, 0, 0, 3, 13.36
1738295960, 1, 0, 107, 105, 2, 0.92%, 0, 0, 3, 13.43
1738295976, 1, 0, 109, 107, 2, 0.92%, 0, 0, 3, 12.46
1738295981, 1, 0, 110, 108, 2, 0.92%, 0, 0, 3, 12.73
1738295986, 1, 0, 111, 109, 2, 0.93%, 0, 0, 3, 12.24
1738295991, 1, 0, 112, 110, 2, 0.93%, 0, 0, 3, 11.99
1738295996, 1, 0, 114, 112, 2, 0.94%, 0, 0, 3, 12.92
1738296001, 1, 0, 115, 113, 2, 0.94%, 0, 0, 3, 12.66
1738296016, 1, 0, 117, 115, 2, 0.97%, 0, 0, 3, 11.66
1738296021, 1, 0, 118, 116, 2, 0.97%, 0, 0, 3, 11.58
1738296027, 1, 0, 119, 117, 2, 0.97%, 0, 0, 3, 11.26
1738296032, 1, 0, 121, 119, 2, 0.98%, 0, 0, 3, 11.19
1738296037, 1, 0, 123, 121, 2, 0.98%, 0, 0, 3, 11.98
1738296042, 1, 0, 126, 124, 2, 0.98%, 0, 0, 3, 11.94
1738296047, 1, 0, 128, 126, 2, 0.99%, 0, 0, 3, 11.84
1738296052, 1, 0, 129, 127, 2, 0.99%, 0, 0, 3, 12.09
1738296058, 1, 0, 130, 128, 2, 0.99%, 0, 0, 3, 11.66
1738296063, 1, 0, 131, 129, 2, 0.99%, 0, 0, 3, 12.56
1738296073, 1, 0, 132, 130, 2, 1.00%, 0, 0, 3, 12.29
1738296078, 1, 0, 133, 131, 2, 1.00%, 0, 0, 3, 11.94
1738296083, 1, 0, 135, 133, 2, 1.00%, 0, 0, 3, 11.88
1738296088, 1, 0, 136, 134, 2, 1.00%, 0, 0, 3, 11.83
1738296099, 1, 0, 138, 136, 2, 1.00%, 0, 0, 3, 11.39
1738296109, 1, 0, 141, 139, 1, 1.03%, 0, 0, 3, 11.32
1738296114, 1, 0, 143, 141, 1, 1.04%, 0, 0, 3, 12.90
1738296119, 1, 0, 146, 144, 1, 1.04%, 0, 0, 3, 12.94
1738296134, 1, 0, 148, 146, 1, 1.04%, 0, 0, 3, 13.09
1738296165, 1, 0, 149, 147, 1, 1.05%, 0, 0, 3, 13.44
1738296170, 1, 0, 150, 148, 1, 1.05%, 0, 0, 3, 13.26
1738296175, 1, 0, 151, 149, 1, 1.05%, 0, 0, 3, 13.01
1738296180, 1, 0, 152, 150, 1, 1.05%, 0, 0, 3, 12.24
1738296186, 1, 0, 154, 152, 1, 1.05%, 0, 0, 3, 11.90
1738296191, 1, 0, 155, 153, 1, 1.05%, 0, 0, 3, 11.99
1738296201, 1, 0, 156, 154, 1, 1.05%, 0, 0, 3, 12.09
1738296206, 1, 0, 157, 155, 1, 1.07%, 0, 1, 3, 11.75
1738296211, 1, 0, 158, 156, 1, 1.08%, 0, 1, 3, 12.26
1738296216, 1, 0, 160, 158, 1, 1.08%, 0, 1, 3, 12.07
1738296222, 1, 0, 162, 160, 1, 1.08%, 0, 1, 3, 12.52
1738296227, 1, 0, 163, 161, 1, 1.09%, 0, 1, 3, 12.09
1738296232, 1, 0, 165, 163, 1, 1.09%, 0, 1, 3, 12.01
1738296247, 1, 0, 166, 164, 1, 1.10%, 0, 1, 3, 12.27
1738296268, 1, 0, 168, 166, 1, 1.10%, 0, 1, 3, 11.90
1738296273, 1, 0, 169, 167, 1, 1.10%, 0, 1, 3, 11.64
1738296283, 1, 0, 170, 168, 1, 1.11%, 0, 2, 3, 12.18
1738296288, 1, 0, 171, 169, 1, 1.11%, 0, 2, 3, 10.77
1738296298, 1, 0, 173, 171, 1, 1.11%, 0, 2, 3, 11.17
1738296309, 1, 0, 173, 171, 1, 1.11%, 0, 3, 3, 12.12
1738296319, 1, 0, 174, 172, 1, 1.12%, 0, 3, 3, 11.07
1738296324, 1, 0, 176, 174, 1, 1.13%, 0, 3, 3, 11.01
1738296329, 1, 0, 177, 175, 1, 1.13%, 0, 3, 3, 10.93
1738296344, 1, 0, 178, 176, 1, 1.13%, 0, 3, 3, 10.83
1738296349, 1, 0, 179, 177, 1, 1.13%, 0, 3, 3, 10.70
1738296385, 1, 1, 179, 177, 1, 1.13%, 0, 3, 3, 9.92
1738296410, 1, 1, 180, 178, 1, 1.13%, 0, 3, 3, 9.97
1738296416, 1, 52, 180, 177, 0, 1.13%, 0, 3, 3, 13.23
1738296431, 2, 5, 180, 176, 0, 1.13%, 0, 3, 3, 15.31
1738296441, 2, 5, 181, 177, 0, 1.13%, 0, 3, 3, 12.40
1738296452, 2, 5, 182, 178, 0, 1.13%, 0, 3, 3, 11.33
1738296457, 2, 6, 182, 178, 0, 1.13%, 0, 3, 3, 12.35
1738296472, 2, 6, 183, 179, 0, 1.13%, 0, 3, 3, 12.11
1738296483, 2, 95, 184, 179, 0, 1.13%, 0, 3, 4, 13.21
1738296493, 2, 95, 185, 180, 0, 1.14%, 0, 3, 4, 13.11
1738296503, 2, 95, 186, 181, 0, 1.14%, 0, 3, 4, 13.01
1738296508, 3, 31, 186, 180, 0, 1.14%, 0, 3, 4, 13.13
1738296518, 3, 31, 188, 182, 0, 1.14%, 0, 3, 4, 13.16
1738296528, 3, 31, 189, 183, 0, 1.14%, 0, 3, 4, 12.02
1738296534, 3, 90, 189, 182, 0, 1.14%, 0, 3, 4, 11.99
1738296544, 3, 90, 191, 184, 0, 1.14%, 0, 3, 4, 11.88
1738296549, 3, 90, 192, 185, 0, 1.14%, 0, 3, 4, 12.27
1738296559, 3, 159, 192, 184, 0, 1.14%, 0, 3, 4, 11.97
1738296564, 3, 159, 193, 185, 0, 1.14%, 0, 3, 4, 11.45
1738296569, 3, 159, 194, 186, 0, 1.14%, 0, 3, 4, 11.51
1738296590, 3, 159, 194, 186, 0, 1.14%, 0, 4, 4, 11.06
1738296605, 4, 115, 194, 185, 0, 1.14%, 0, 4, 4, 10.78
1738296615, 4, 115, 195, 186, 0, 1.14%, 0, 4, 4, 10.48
1738296621, 4, 115, 195, 186, 0, 1.14%, 0, 5, 4, 10.11
1738296632, 4, 131, 195, 185, 0, 1.14%, 0, 5, 4, 10.62
1738296642, 4, 131, 196, 186, 0, 1.14%, 0, 5, 4, 11.00
1738296647, 4, 131, 197, 187, 0, 1.15%, 0, 5, 4, 11.39
1738296652, 4, 131, 198, 188, 0, 1.15%, 0, 5, 4, 11.37
1738296668, 4, 163, 200, 189, 0, 1.15%, 0, 5, 4, 11.27
1738296678, 4, 163, 200, 189, 0, 1.15%, 0, 6, 4, 11.56
1738296698, 4, 163, 201, 190, 0, 1.15%, 0, 6, 4, 11.29
1738296709, 5, 148, 201, 189, 0, 1.15%, 0, 6, 4, 11.85
1738296734, 5, 165, 201, 188, 4294967295, 1.15%, 0, 6, 4, 11.25
1738296760, 6, 1, 201, 187, 4294967294, 1.15%, 0, 6, 4, 11.03
1738296765, 6, 1, 202, 188, 4294967294, 1.15%, 0, 6, 4, 11.70
1738296780, 6, 1, 203, 189, 4294967294, 1.15%, 0, 6, 4, 12.73
1738296785, 6, 1, 204, 190, 4294967294, 1.16%, 0, 6, 4, 11.64
1738296790, 6, 82, 205, 191, 7, 1.16%, 0, 6, 4, 11.39
1738296795, 6, 82, 207, 193, 7, 1.16%, 0, 6, 4, 11.08
1738296800, 6, 82, 208, 194, 7, 1.16%, 1, 6, 4, 11.19
1738296821, 6, 82, 209, 195, 7, 1.16%, 1, 6, 4, 11.10
1738296836, 6, 82, 210, 196, 7, 1.16%, 1, 6, 4, 10.99
1738296846, 6, 82, 211, 197, 7, 1.16%, 1, 6, 4, 10.88
1738296877, 6, 82, 212, 198, 7, 1.16%, 1, 6, 4, 11.39
1738296888, 7, 1, 212, 197, 9, 1.16%, 1, 6, 4, 11.20
1738296893, 7, 1, 214, 199, 9, 1.16%, 1, 6, 4, 12.15
1738296898, 7, 1, 215, 200, 9, 1.16%, 1, 6, 4, 12.77
1738296903, 7, 1, 216, 201, 9, 1.16%, 1, 6, 4, 12.52
1738296913, 7, 1, 217, 202, 9, 1.16%, 1, 6, 4, 11.73
1738296924, 7, 1, 219, 204, 6, 1.16%, 1, 6, 4, 12.06
1738296929, 7, 1, 220, 205, 6, 1.16%, 1, 6, 4, 13.02
1738296934, 7, 1, 221, 206, 6, 1.16%, 1, 6, 4, 12.96
1738296944, 7, 1, 222, 207, 6, 1.16%, 1, 6, 4, 12.13
1738296975, 7, 1, 223, 208, 6, 1.16%, 1, 6, 4, 12.76
1738297001, 7, 1, 226, 211, 6, 1.16%, 1, 6, 4, 11.55
1738297006, 7, 1, 227, 212, 6, 1.16%, 1, 6, 4, 11.72
1738297016, 7, 1, 228, 213, 6, 1.17%, 1, 6, 4, 11.62
1738297021, 7, 1, 229, 214, 6, 1.17%, 1, 6, 4, 11.69
1738297037, 7, 1, 230, 215, 6, 1.17%, 1, 6, 4, 11.91
1738297042, 7, 1, 231, 216, 6, 1.17%, 1, 6, 4, 11.96
1738297047, 7, 1, 232, 217, 6, 1.17%, 1, 6, 4, 11.76
1738297057, 7, 1, 232, 217, 2, 1.17%, 1, 6, 4, 11.74
1738297062, 7, 1, 233, 218, 2, 1.17%, 1, 6, 4, 11.82
1738297068, 7, 1, 235, 220, 2, 1.17%, 1, 6, 4, 11.42
1738297073, 7, 1, 236, 221, 2, 1.17%, 1, 6, 4, 11.89
1738297078, 7, 1, 237, 222, 2, 1.17%, 1, 6, 4, 11.67
1738297103, 7, 1, 238, 223, 2, 1.17%, 1, 6, 4, 11.80
1738297129, 7, 1, 239, 224, 2, 1.17%, 1, 6, 4, 11.33
1738297139, 7, 1, 240, 225, 2, 1.17%, 1, 6, 4, 11.25
1738297155, 7, 1, 240, 225, 4, 1.17%, 1, 6, 4, 10.84
1738297206, 7, 179, 240, 225, 4, 1.17%, 1, 6, 4, 10.08
1738297237, 8, 45, 240, 224, 3, 1.17%, 1, 6, 4, 11.21
1738297242, 8, 45, 243, 227, 3, 1.17%, 1, 6, 4, 11.43
1738297262, 8, 45, 244, 228, 3, 1.17%, 1, 6, 4, 11.74
1738297273, 8, 63, 244, 227, 0, 1.17%, 1, 6, 4, 12.60
1738297288, 8, 63, 245, 228, 0, 1.17%, 1, 6, 4, 11.83
1738297298, 8, 211, 245, 227, 0, 1.17%, 1, 6, 4, 11.80
1738297309, 8, 211, 247, 229, 0, 1.17%, 1, 6, 5, 12.02
1738297319, 8, 211, 248, 230, 0, 1.17%, 1, 6, 5, 12.52
1738297335, 8, 211, 249, 231, 0, 1.17%, 1, 6, 5, 12.41
1738297340, 8, 211, 250, 232, 0, 1.17%, 1, 6, 5, 12.66
1738297360, 8, 211, 251, 233, 0, 1.17%, 1, 6, 5, 12.53
1738297396, 9, 186, 251, 232, 0, 1.17%, 1, 6, 5, 12.77
1738297412, 9, 186, 252, 233, 0, 1.17%, 1, 6, 5, 12.12
1738297417, 10, 90, 253, 233, 1, 1.17%, 1, 6, 5, 11.92
1738297432, 10, 90, 254, 234, 1, 1.17%, 1, 6, 5, 12.31
1738297442, 10, 177, 254, 234, 1, 1.17%, 1, 6, 5, 10.35
1738297468, 11, 115, 254, 233, 0, 1.17%, 1, 6, 5, 10.21
1738297473, 11, 115, 255, 234, 0, 1.17%, 1, 6, 5, 10.70
1738297488, 11, 115, 256, 235, 0, 1.17%, 1, 6, 5, 10.58
1738297498, 11, 131, 256, 235, 2, 1.17%, 1, 6, 5, 10.96
1738297524, 11, 196, 256, 235, 2, 1.17%, 1, 6, 5, 10.73
1738297555, 12, 148, 256, 234, 1, 1.17%, 1, 6, 5, 11.10
1738297565, 12, 148, 257, 235, 1, 1.17%, 1, 6, 5, 11.74
1738297570, 12, 148, 258, 236, 1, 1.17%, 2, 6, 5, 11.71
1738297580, 12, 148, 259, 237, 1, 1.18%, 2, 6, 5, 12.19
1738297585, 12, 165, 259, 237, 0, 1.18%, 2, 6, 5, 11.41
1738297606, 12, 203, 259, 237, 0, 1.18%, 2, 6, 5, 11.24
1738297611, 12, 203, 260, 238, 0, 1.18%, 2, 6, 5, 12.02
1738297642, 12, 256, 260, 237, 1, 1.18%, 2, 6, 5, 12.60
1738297668, 12, 256, 261, 238, 1, 1.18%, 2, 6, 5, 11.34
1738297678, 13, 83, 261, 236, 0, 1.18%, 2, 6, 5, 12.15
1738297683, 13, 101, 262, 236, 0, 1.18%, 2, 6, 5, 12.25
1738297693, 13, 101, 263, 237, 0, 1.18%, 2, 6, 5, 12.01
1738297714, 13, 130, 264, 237, 9, 1.18%, 2, 6, 5, 12.93
1738297735, 13, 130, 266, 239, 9, 1.18%, 2, 6, 5, 12.39
1738297740, 13, 130, 267, 240, 9, 1.18%, 2, 6, 5, 12.50
1738297745, 14, 129, 267, 239, 5, 1.18%, 2, 6, 5, 11.75
1738297771, 14, 169, 267, 238, 4, 1.18%, 2, 6, 5, 10.60
1738297796, 15, 147, 268, 238, 3, 1.18%, 2, 6, 5, 11.10
1738297832, 15, 237, 270, 239, 2, 1.19%, 2, 6, 5, 11.33
1738297888, 16, 149, 270, 238, 0, 1.19%, 2, 6, 5, 12.07
1738297893, 16, 149, 271, 239, 0, 1.19%, 2, 6, 5, 12.14
1738297914, 17, 51, 271, 238, 0, 1.19%, 2, 6, 5, 12.73
1738297919, 17, 51, 272, 239, 0, 1.19%, 2, 6, 5, 11.81
1738297930, 17, 51, 273, 240, 0, 1.19%, 2, 6, 5, 11.76
1738297940, 17, 115, 274, 240, 0, 1.19%, 2, 6, 5, 11.56
1738297960, 17, 115, 275, 241, 0, 1.19%, 2, 6, 5, 10.92
1738297965, 17, 247, 275, 241, 2, 1.19%, 2, 6, 5, 10.96
1738298001, 17, 247, 276, 242, 2, 1.19%, 2, 6, 6, 11.06
1738298012, 17, 247, 277, 243, 2, 1.19%, 2, 6, 6, 12.32
1738298022, 17, 251, 278, 243, 1, 1.19%, 2, 6, 6, 11.83
1738298027, 17, 251, 278, 243, 1, 1.19%, 3, 6, 6, 12.57
1738298058, 17, 251, 279, 244, 1, 1.19%, 3, 6, 6, 12.15
1738298089, 17, 251, 280, 245, 1, 1.19%, 3, 6, 6, 12.01
1738298094, 18, 190, 280, 244, 2, 1.19%, 3, 6, 6, 12.14
1738298124, 18, 265, 281, 244, 1, 1.19%, 3, 6, 6, 12.06
1738298130, 18, 265, 282, 245, 1, 1.19%, 3, 6, 6, 12.09
1738298160, 18, 265, 283, 246, 1, 1.19%, 3, 6, 6, 11.90
1738298176, 18, 265, 284, 247, 1, 1.19%, 3, 6, 6, 11.66
1738298181, 19, 194, 284, 246, 1, 1.19%, 3, 6, 6, 11.25
1738298212, 19, 195, 284, 245, 1, 1.19%, 3, 6, 6, 10.44
1738298242, 19, 200, 284, 244, 1, 1.19%, 3, 6, 6, 10.75
1738298257, 19, 200, 284, 244, 1, 1.19%, 3, 7, 6, 11.00
1738298268, 19, 200, 285, 245, 1, 1.19%, 3, 7, 6, 11.23
1738298273, 19, 200, 286, 246, 1, 1.19%, 3, 7, 6, 11.53
1738298278, 19, 256, 286, 245, 1, 1.19%, 3, 7, 6, 11.49
1738298309, 20, 165, 286, 245, 1, 1.19%, 3, 7, 6, 11.06
1738298335, 20, 259, 287, 246, 1, 1.19%, 3, 7, 6, 12.10
1738298345, 20, 259, 288, 247, 1, 1.19%, 3, 7, 6, 12.74
1738298350, 20, 259, 289, 248, 1, 1.19%, 3, 7, 6, 13.34
1738298417, 21, 257, 289, 247, 1, 1.19%, 3, 7, 6, 11.77
1738298447, 21, 274, 289, 246, 1, 1.19%, 3, 7, 6, 11.21
1738298478, 22, 17, 289, 245, 0, 1.19%, 3, 7, 6, 10.95
1738298504, 22, 89, 289, 244, 0, 1.19%, 3, 7, 6, 11.34
1738298525, 22, 109, 289, 243, 0, 1.19%, 3, 7, 6, 11.04
1738298550, 22, 141, 291, 244, 0, 1.19%, 3, 7, 6, 12.76
1738298586, 22, 168, 291, 243, 0, 1.19%, 3, 7, 6, 12.30
1738298612, 22, 170, 291, 242, 0, 1.19%, 3, 7, 6, 10.93
1738298638, 22, 197, 291, 241, 0, 1.19%, 3, 7, 6, 10.71
1738298669, 23, 170, 291, 240, 0, 1.19%, 3, 7, 6, 10.28
1738298694, 24, 142, 291, 240, 0, 1.19%, 3, 7, 6, 11.53
1738298715, 24, 142, 292, 241, 0, 1.19%, 3, 7, 6, 13.21
1738298720, 25, 27, 292, 240, 0, 1.19%, 3, 7, 6, 21.40
1738298730, 25, 82, 292, 239, 0, 1.19%, 3, 7, 6, 17.54
1738298756, 25, 143, 292, 239, 0, 1.19%, 3, 7, 6, 11.60
1738298761, 25, 143, 293, 240, 0, 1.19%, 3, 7, 6, 11.26
1738298782, 25, 249, 293, 239, 0, 1.19%, 3, 7, 6, 11.95
1738298787, 25, 249, 294, 240, 0, 1.19%, 3, 7, 6, 12.06
1738298812, 25, 249, 295, 241, 0, 1.20%, 3, 7, 6, 12.28
1738298879, 25, 278, 295, 240, 1, 1.20%, 3, 7, 6, 13.25
1738298925, 26, 241, 295, 239, 0, 1.20%, 3, 7, 6, 11.51
1738298956, 26, 284, 295, 238, 0, 1.20%, 3, 7, 6, 10.78
1738298961, 26, 284, 295, 238, 0, 1.20%, 3, 8, 6, 10.63
1738299013, 27, 254, 296, 238, 0, 1.20%, 3, 8, 6, 10.86
1738299038, 27, 254, 297, 239, 0, 1.20%, 3, 8, 6, 10.68
1738299054, 28, 196, 297, 238, 1, 1.20%, 3, 8, 6, 10.77
1738299059, 28, 196, 298, 239, 1, 1.20%, 3, 8, 6, 10.95
1738299079, 28, 285, 298, 239, 1, 1.20%, 3, 8, 6, 10.80
1738299100, 28, 285, 299, 240, 1, 1.20%, 3, 8, 6, 11.09
1738299115, 28, 285, 300, 241, 1, 1.20%, 3, 8, 6, 10.78
1738299141, 29, 258, 301, 241, 1, 1.20%, 3, 8, 6, 11.27
1738299146, 29, 258, 302, 242, 1, 1.20%, 3, 8, 6, 11.44
1738299151, 29, 258, 303, 243, 1, 1.20%, 3, 8, 6, 11.15
1738299157, 29, 258, 304, 244, 1, 1.20%, 3, 8, 6, 11.32
1738299192, 29, 258, 305, 245, 1, 1.20%, 3, 8, 6, 11.49
