# unix_time, cycles_done, cur_path, paths_total, pending_total, pending_favs, map_size, unique_crashes, unique_hangs, max_depth, execs_per_sec
1737949243, 0, 0, 3, 3, 2, 0.72%, 0, 0, 2, 6.76
1737949255, 0, 0, 3, 3, 2, 0.72%, 2, 0, 2, 0.82
1737949261, 0, 0, 4, 4, 2, 0.73%, 2, 0, 2, 0.82
1737949267, 0, 0, 4, 4, 2, 0.73%, 3, 0, 2, 0.82
1737949273, 0, 0, 5, 5, 2, 0.74%, 3, 0, 2, 0.82
1737949278, 0, 0, 6, 6, 2, 0.76%, 4, 0, 2, 15.75
1737949283, 0, 0, 12, 12, 2, 0.79%, 4, 0, 2, 13.87
1737949288, 0, 0, 19, 19, 2, 0.79%, 4, 0, 2, 13.15
1737949293, 0, 0, 23, 23, 2, 0.80%, 4, 0, 2, 11.66
1737949298, 0, 0, 27, 27, 2, 0.80%, 4, 0, 2, 12.17
1737949304, 0, 0, 31, 31, 2, 0.82%, 4, 0, 2, 11.51
1737949309, 0, 0, 35, 35, 2, 0.82%, 4, 0, 2, 11.08
1737949314, 0, 0, 39, 39, 2, 0.83%, 4, 0, 2, 11.25
1737949319, 0, 0, 40, 40, 2, 0.83%, 4, 0, 2, 10.57
1737949324, 0, 0, 41, 41, 2, 0.83%, 4, 0, 2, 12.30
1737949329, 0, 0, 43, 43, 2, 0.83%, 4, 0, 2, 11.96
1737949334, 0, 0, 44, 44, 2, 0.83%, 4, 0, 2, 11.72
1737949339, 0, 0, 45, 45, 2, 0.83%, 4, 0, 2, 10.82
1737949344, 0, 0, 48, 48, 2, 0.83%, 4, 0, 2, 12.19
1737949350, 0, 0, 50, 50, 2, 0.84%, 4, 0, 2, 11.94
1737949355, 0, 0, 52, 52, 2, 0.84%, 4, 0, 2, 11.28
1737949360, 0, 0, 53, 53, 2, 0.85%, 4, 0, 2, 10.85
1737949375, 0, 0, 55, 55, 2, 0.85%, 4, 0, 2, 11.58
1737949381, 0, 0, 56, 56, 2, 0.86%, 4, 0, 2, 11.42
1737949386, 0, 0, 58, 58, 2, 0.86%, 4, 0, 2, 11.22
1737949391, 0, 0, 61, 61, 2, 0.86%, 4, 0, 2, 11.87
1737949396, 0, 0, 63, 63, 2, 0.86%, 4, 0, 2, 11.09
1737949401, 0, 0, 64, 64, 2, 0.86%, 4, 0, 2, 11.20
1737949406, 0, 0, 65, 65, 2, 0.87%, 4, 0, 2, 11.22
1737949411, 0, 0, 66, 66, 2, 0.87%, 4, 0, 2, 10.86
1737949416, 0, 0, 67, 67, 2, 0.88%, 4, 0, 2, 11.23
1737949437, 0, 0, 68, 68, 2, 0.88%, 4, 0, 2, 11.16
1737949442, 0, 0, 70, 70, 2, 0.90%, 4, 0, 2, 11.83
1737949452, 0, 0, 71, 71, 2, 0.90%, 4, 0, 2, 11.53
1737949462, 0, 0, 73, 73, 2, 0.90%, 4, 0, 2, 12.51
1737949467, 0, 69, 76, 75, 0, 0.91%, 4, 0, 3, 12.86
1737949488, 0, 69, 77, 76, 0, 0.91%, 4, 0, 3, 11.14
1737949493, 0, 69, 78, 77, 0, 0.91%, 4, 0, 3, 10.83
1737949498, 1, 0, 79, 78, 1, 0.91%, 4, 0, 3, 12.22
1737949503, 1, 0, 82, 81, 1, 0.91%, 4, 0, 3, 12.70
1737949508, 1, 0, 83, 82, 1, 0.91%, 4, 0, 3, 12.48
1737949513, 1, 0, 85, 84, 1, 0.92%, 4, 0, 3, 13.07
1737949519, 1, 0, 88, 87, 1, 0.92%, 4, 0, 3, 11.71
1737949524, 1, 0, 89, 88, 1, 0.92%, 4, 0, 3, 12.11
1737949529, 1, 0, 90, 89, 1, 0.92%, 4, 0, 3, 11.96
1737949539, 1, 0, 91, 90, 1, 0.93%, 4, 0, 3, 12.16
1737949544, 1, 0, 92, 91, 1, 0.93%, 4, 0, 3, 12.68
1737949549, 1, 0, 93, 92, 1, 0.94%, 4, 0, 3, 12.32
1737949554, 1, 0, 94, 93, 1, 0.95%, 4, 0, 3, 13.48
1737949559, 1, 0, 97, 96, 1, 0.95%, 4, 0, 3, 12.39
1737949565, 1, 0, 99, 98, 1, 0.95%, 4, 0, 3, 12.11
1737949570, 1, 0, 100, 99, 1, 0.95%, 4, 0, 3, 11.96
1737949575, 1, 0, 102, 101, 1, 0.95%, 4, 0, 3, 12.36
1737949580, 1, 0, 104, 103, 1, 0.95%, 4, 0, 3, 12.26
1737949585, 1, 0, 105, 104, 1, 0.95%, 4, 0, 3, 11.91
1737949590, 1, 0, 109, 108, 1, 0.95%, 4, 0, 3, 12.37
1737949595, 1, 0, 110, 109, 1, 0.95%, 4, 0, 3, 12.78
1737949606, 1, 0, 111, 110, 1, 0.96%, 4, 0, 3, 11.98
1737949611, 1, 0, 113, 112, 1, 0.96%, 4, 0, 3, 11.76
1737949621, 1, 0, 114, 113, 1, 0.96%, 4, 0, 3, 12.11
1737949626, 1, 0, 115, 114, 1, 0.96%, 4, 0, 3, 12.67
1737949632, 1, 0, 116, 115, 1, 0.96%, 4, 0, 3, 11.90
1737949637, 1, 0, 117, 116, 1, 0.96%, 4, 0, 3, 11.54
1737949642, 1, 0, 118, 117, 1, 0.96%, 4, 0, 3, 11.42
1737949652, 1, 0, 120, 119, 1, 0.97%, 4, 0, 3, 11.36
1737949657, 1, 0, 121, 120, 1, 0.97%, 4, 0, 3, 11.47
1737949662, 1, 0, 122, 121, 1, 0.97%, 4, 0, 3, 11.24
1737949668, 1, 0, 123, 122, 1, 0.97%, 4, 0, 3, 11.19
1737949673, 1, 0, 124, 123, 1, 0.98%, 4, 0, 3, 11.21
1737949703, 1, 0, 125, 124, 1, 0.98%, 4, 0, 3, 11.24
1737949709, 1, 0, 127, 126, 1, 0.98%, 4, 0, 3, 11.85
1737949714, 1, 0, 129, 128, 1, 1.00%, 4, 0, 3, 12.25
1737949724, 1, 0, 130, 129, 1, 1.00%, 4, 0, 3, 11.51
1737949729, 1, 0, 134, 133, 1, 1.04%, 4, 0, 3, 11.39
1737949734, 1, 0, 134, 133, 1, 1.04%, 4, 1, 3, 11.88
1737949739, 1, 0, 135, 134, 1, 1.04%, 4, 1, 3, 11.79
1737949744, 1, 0, 136, 135, 1, 1.04%, 4, 1, 3, 12.23
1737949750, 1, 0, 137, 136, 1, 1.05%, 4, 1, 3, 11.98
1737949770, 1, 0, 140, 139, 1, 1.05%, 4, 1, 3, 12.09
1737949780, 1, 0, 140, 139, 1, 1.05%, 4, 2, 3, 11.07
1737949785, 1, 0, 141, 140, 1, 1.05%, 4, 2, 3, 11.83
1737949790, 1, 0, 144, 143, 1, 1.05%, 4, 2, 3, 11.46
1737949795, 1, 0, 146, 145, 1, 1.06%, 4, 2, 3, 11.22
1737949806, 1, 0, 148, 147, 1, 1.06%, 4, 2, 3, 11.05
1737949811, 1, 0, 150, 149, 1, 1.07%, 4, 2, 3, 11.73
1737949816, 1, 0, 150, 149, 1, 1.07%, 4, 3, 3, 10.81
1737949821, 1, 0, 151, 150, 1, 1.07%, 4, 3, 3, 11.26
1737949826, 1, 0, 152, 151, 1, 1.08%, 4, 3, 3, 11.37
1737949831, 1, 0, 153, 152, 1, 1.08%, 4, 3, 3, 11.85
1737949837, 1, 0, 155, 154, 1, 1.08%, 4, 3, 3, 11.51
1737949852, 1, 0, 156, 155, 1, 1.08%, 4, 3, 3, 11.71
1737949857, 1, 0, 158, 157, 1, 1.09%, 4, 3, 3, 11.57
1737949863, 1, 0, 159, 158, 1, 1.09%, 4, 3, 3, 11.89
1737949873, 1, 0, 159, 158, 1, 1.09%, 4, 4, 3, 11.32
1737949878, 1, 0, 160, 159, 1, 1.09%, 4, 4, 3, 11.41
1737949883, 1, 0, 161, 160, 1, 1.09%, 4, 4, 3, 11.37
1737949893, 1, 0, 162, 161, 1, 1.09%, 4, 4, 3, 11.25
1737949914, 1, 0, 164, 163, 1, 1.10%, 4, 4, 3, 10.88
1737949919, 1, 0, 164, 163, 1, 1.10%, 5, 4, 3, 11.22
1737949935, 1, 0, 165, 164, 1, 1.10%, 5, 4, 3, 10.49
1737949945, 1, 0, 166, 165, 1, 1.10%, 5, 4, 3, 10.22
1737949950, 1, 0, 167, 167, 1, 1.11%, 5, 4, 3, 11.21
1737949981, 1, 1, 168, 169, 1, 1.11%, 5, 4, 3, 10.58
1737949986, 1, 1, 168, 169, 1, 1.11%, 6, 4, 3, 10.11
1737950011, 2, 128, 169, 169, 1, 1.11%, 6, 4, 3, 10.13
1737950016, 2, 128, 170, 170, 1, 1.11%, 6, 4, 3, 10.47
1737950027, 2, 128, 171, 171, 1, 1.11%, 6, 4, 3, 10.31
1737950037, 2, 128, 173, 173, 1, 1.12%, 6, 4, 3, 10.51
1737950047, 2, 128, 174, 174, 1, 1.12%, 6, 4, 3, 10.48
1737950073, 2, 128, 175, 175, 1, 1.12%, 6, 4, 3, 10.11
1737950119, 3, 20, 175, 174, 0, 1.12%, 6, 4, 3, 10.79
1737950145, 3, 108, 175, 173, 0, 1.12%, 7, 4, 3, 11.40
1737950170, 4, 37, 176, 173, 0, 1.12%, 7, 4, 3, 11.42
1737950175, 4, 37, 178, 175, 0, 1.12%, 7, 4, 3, 12.13
1737950201, 4, 37, 180, 177, 0, 1.12%, 7, 4, 3, 12.31
1737950207, 4, 37, 181, 178, 0, 1.12%, 7, 4, 3, 11.69
1737950217, 4, 65, 181, 177, 0, 1.12%, 7, 4, 3, 11.65
1737950227, 4, 91, 181, 176, 4294967295, 1.12%, 7, 4, 3, 11.40
1737950237, 4, 91, 183, 178, 4294967295, 1.12%, 7, 4, 3, 10.22
1737950248, 4, 91, 184, 179, 4294967295, 1.13%, 8, 4, 3, 10.17
1737950268, 4, 122, 185, 179, 0, 1.13%, 8, 4, 3, 10.13
1737950273, 4, 122, 186, 180, 0, 1.13%, 8, 4, 3, 9.86
1737950278, 4, 122, 187, 181, 0, 1.14%, 8, 4, 3, 9.76
1737950283, 4, 122, 188, 182, 0, 1.14%, 8, 4, 3, 10.09
1737950299, 4, 122, 189, 183, 0, 1.14%, 8, 4, 3, 9.41
1737950304, 4, 122, 190, 184, 0, 1.14%, 8, 4, 3, 9.92
1737950365, 4, 122, 191, 185, 0, 1.14%, 8, 4, 3, 9.62
1737950386, 4, 175, 191, 186, 2, 1.14%, 8, 4, 4, 10.42
1737950406, 4, 175, 192, 187, 2, 1.14%, 8, 4, 4, 8.73
1737950422, 5, 131, 193, 187, 0, 1.14%, 8, 4, 4, 10.68
1737950443, 5, 131, 194, 188, 0, 1.15%, 8, 4, 4, 10.64
1737950453, 5, 133, 194, 187, 0, 1.15%, 8, 4, 4, 11.00
1737950458, 5, 133, 194, 187, 0, 1.15%, 8, 5, 4, 10.39
1737950463, 5, 133, 195, 188, 0, 1.15%, 8, 5, 4, 10.63
1737950468, 5, 133, 195, 188, 0, 1.15%, 9, 5, 4, 10.55
1737950484, 5, 149, 196, 188, 0, 1.15%, 9, 5, 4, 11.61
1737950489, 5, 149, 198, 190, 0, 1.15%, 9, 5, 4, 11.66
1737950494, 5, 149, 199, 191, 0, 1.15%, 9, 5, 4, 12.50
1737950499, 5, 149, 200, 192, 0, 1.15%, 9, 5, 4, 12.62
1737950525, 5, 149, 201, 193, 0, 1.15%, 9, 5, 4, 12.75
1737950535, 5, 149, 201, 193, 0, 1.15%, 9, 6, 4, 13.61
1737950551, 5, 149, 202, 194, 0, 1.15%, 9, 6, 4, 12.10
1737950576, 5, 151, 202, 193, 0, 1.15%, 9, 6, 4, 11.62
1737950592, 5, 151, 203, 194, 0, 1.15%, 9, 6, 4, 11.44
1737950602, 5, 192, 203, 193, 4294967295, 1.15%, 9, 6, 4, 10.90
1737950639, 6, 1, 203, 192, 4294967295, 1.15%, 9, 6, 4, 0.77
1737950649, 6, 1, 204, 193, 4294967295, 1.15%, 9, 6, 4, 11.34
1737950670, 6, 55, 204, 194, 1, 1.15%, 9, 6, 4, 11.72
1737950695, 7, 1, 205, 195, 15, 1.15%, 9, 6, 4, 12.38
1737950705, 7, 1, 206, 196, 15, 1.15%, 9, 6, 4, 11.47
1737950710, 7, 1, 207, 197, 15, 1.16%, 9, 7, 4, 10.42
1737950715, 7, 1, 208, 198, 15, 1.16%, 9, 7, 4, 10.83
1737950726, 7, 1, 209, 199, 15, 1.16%, 9, 7, 4, 11.53
1737950731, 7, 1, 210, 200, 8, 1.16%, 9, 7, 4, 11.50
1737950736, 7, 1, 211, 201, 8, 1.16%, 9, 7, 4, 11.40
1737950741, 7, 1, 212, 202, 8, 1.16%, 9, 7, 4, 11.38
1737950746, 7, 1, 213, 203, 8, 1.16%, 9, 7, 4, 11.30
1737950756, 7, 1, 214, 204, 8, 1.19%, 9, 7, 4, 11.20
1737950766, 7, 1, 215, 205, 4, 1.20%, 9, 7, 4, 12.05
1737950787, 7, 1, 216, 206, 4, 1.20%, 9, 7, 4, 10.89
1737950792, 7, 1, 217, 208, 1, 1.20%, 9, 7, 4, 11.56
1737950802, 7, 1, 218, 209, 1, 1.20%, 9, 7, 4, 10.79
1737950843, 7, 1, 218, 211, 1, 1.20%, 9, 7, 4, 10.65
1737950848, 7, 1, 219, 212, 1, 1.20%, 9, 7, 4, 10.52
1737950874, 7, 170, 220, 215, 0, 1.20%, 10, 7, 4, 10.86
1737950879, 7, 170, 220, 218, 0, 1.20%, 10, 7, 4, 10.56
1737950884, 7, 170, 220, 222, 0, 1.20%, 10, 7, 4, 10.21
1737950889, 7, 170, 220, 224, 0, 1.20%, 10, 7, 4, 10.09
1737950894, 7, 170, 220, 225, 0, 1.20%, 10, 7, 4, 9.84
1737950900, 7, 170, 220, 230, 0, 1.20%, 10, 7, 4, 10.68
1737950905, 7, 170, 220, 234, 0, 1.20%, 10, 7, 4, 10.44
1737950910, 7, 170, 220, 237, 0, 1.20%, 10, 7, 4, 9.95
1737950915, 7, 170, 220, 241, 0, 1.20%, 10, 7, 4, 10.56
1737950920, 7, 170, 220, 246, 0, 1.20%, 10, 7, 4, 11.14
1737950925, 7, 170, 220, 251, 0, 1.20%, 10, 7, 4, 10.92
1737950931, 7, 170, 220, 253, 0, 1.20%, 10, 7, 4, 10.00
1737950936, 7, 170, 220, 257, 0, 1.20%, 10, 7, 4, 10.73
1737950941, 7, 170, 220, 263, 0, 1.20%, 10, 7, 4, 10.73
1737950946, 8, 173, 220, 266, 0, 1.20%, 10, 7, 4, 10.55
1737950951, 8, 173, 220, 267, 0, 1.20%, 10, 7, 4, 10.03
1737950982, 9, 50, 221, 267, 0, 1.20%, 10, 7, 4, 11.86
1737951002, 9, 50, 221, 268, 0, 1.20%, 11, 7, 4, 10.50
1737951007, 9, 112, 221, 267, 0, 1.20%, 11, 7, 4, 11.16
1737951033, 10, 37, 221, 266, 0, 1.20%, 11, 7, 4, 11.55
1737951048, 10, 37, 222, 267, 0, 1.20%, 11, 7, 4, 11.64
1737951053, 10, 37, 223, 268, 0, 1.21%, 11, 7, 4, 12.87
1737951058, 10, 65, 223, 268, 0, 1.21%, 11, 7, 4, 12.38
1737951068, 10, 118, 223, 268, 0, 1.21%, 11, 7, 4, 11.91
1737951099, 10, 188, 223, 267, 0, 1.21%, 11, 7, 4, 10.02
1737951135, 10, 190, 224, 267, 0, 1.21%, 11, 7, 4, 10.41
1737951150, 10, 190, 225, 268, 0, 1.21%, 11, 7, 4, 10.82
1737951197, 11, 160, 225, 267, 1, 1.21%, 11, 7, 4, 11.01
1737951202, 11, 160, 225, 267, 1, 1.21%, 11, 8, 4, 10.26
1737951223, 11, 160, 226, 268, 1, 1.21%, 11, 8, 4, 10.10
1737951228, 12, 134, 226, 267, 0, 1.21%, 11, 8, 4, 9.94
1737951259, 12, 202, 226, 266, 0, 1.21%, 11, 8, 4, 10.34
1737951264, 12, 202, 227, 267, 0, 1.21%, 11, 8, 4, 10.81
1737951280, 12, 202, 228, 268, 0, 1.21%, 11, 8, 4, 10.15
1737951285, 12, 202, 229, 269, 0, 1.21%, 11, 8, 4, 10.29
1737951305, 13, 151, 229, 268, 0, 1.21%, 12, 8, 4, 11.59
1737951315, 13, 151, 230, 269, 0, 1.21%, 12, 8, 4, 10.72
1737951331, 13, 192, 230, 269, 0, 1.21%, 12, 8, 4, 10.51
1737951356, 13, 286, 230, 269, 0, 1.21%, 12, 8, 4, 9.39
1737951397, 14, 48, 230, 268, 4294967295, 1.21%, 12, 8, 4, 0.79
1737951402, 14, 48, 231, 269, 4294967295, 1.22%, 12, 8, 4, 10.94
1737951407, 14, 48, 232, 270, 4294967295, 1.22%, 12, 8, 4, 10.41
1737951438, 14, 76, 232, 269, 2, 1.22%, 12, 8, 4, 9.91
1737951464, 14, 83, 233, 270, 1, 1.22%, 12, 8, 4, 11.08
1737951490, 14, 83, 234, 271, 1, 1.22%, 12, 8, 4, 11.01
1737951495, 14, 104, 234, 270, 9, 1.22%, 12, 8, 4, 11.90
1737951510, 14, 104, 235, 271, 9, 1.22%, 12, 8, 4, 11.32
1737951526, 15, 89, 235, 270, 8, 1.22%, 12, 8, 4, 11.22
1737951531, 15, 89, 236, 271, 8, 1.22%, 12, 8, 4, 10.86
1737951556, 15, 164, 236, 270, 7, 1.22%, 12, 8, 4, 10.97
1737951582, 15, 165, 236, 269, 6, 1.22%, 13, 8, 4, 10.67
1737951608, 15, 168, 236, 269, 5, 1.22%, 13, 8, 4, 10.50
1737951613, 15, 168, 236, 275, 5, 1.22%, 13, 8, 4, 10.82
1737951618, 15, 168, 236, 281, 5, 1.22%, 13, 8, 4, 10.84
1737951623, 15, 168, 236, 286, 5, 1.22%, 13, 8, 4, 10.26
1737951628, 15, 168, 236, 292, 5, 1.22%, 13, 8, 4, 10.28
1737951633, 15, 168, 236, 298, 5, 1.22%, 13, 8, 4, 10.17
1737951639, 15, 168, 236, 304, 5, 1.22%, 13, 8, 4, 10.12
1737951644, 15, 168, 236, 309, 5, 1.22%, 13, 8, 4, 10.14
1737951649, 15, 168, 236, 315, 5, 1.22%, 13, 8, 4, 10.09
1737951654, 15, 168, 236, 320, 5, 1.22%, 13, 8, 4, 9.99
1737951659, 15, 168, 236, 325, 5, 1.22%, 13, 8, 4, 10.08
1737951664, 15, 168, 236, 330, 5, 1.22%, 13, 8, 4, 10.09
1737951669, 15, 168, 236, 336, 5, 1.22%, 13, 8, 4, 10.50
1737951675, 15, 168, 236, 342, 5, 1.22%, 13, 8, 4, 10.20
1737951680, 15, 168, 236, 347, 5, 1.22%, 13, 8, 4, 10.20
1737951685, 15, 168, 236, 352, 5, 1.22%, 13, 8, 4, 10.37
1737951690, 15, 168, 236, 355, 5, 1.22%, 13, 8, 4, 10.21
1737951695, 15, 168, 236, 360, 5, 1.22%, 13, 8, 4, 10.17
1737951700, 15, 168, 236, 365, 5, 1.22%, 13, 8, 4, 10.46
1737951705, 15, 168, 236, 369, 5, 1.22%, 13, 8, 4, 10.66
1737951711, 15, 168, 236, 375, 5, 1.22%, 13, 8, 4, 11.29
1737951716, 15, 168, 236, 380, 5, 1.22%, 13, 8, 4, 10.41
1737951721, 15, 168, 236, 385, 5, 1.22%, 13, 8, 4, 10.13
1737951726, 15, 168, 236, 392, 5, 1.22%, 13, 8, 4, 10.79
1737951731, 15, 168, 236, 398, 5, 1.22%, 13, 8, 4, 10.91
1737951736, 15, 168, 236, 404, 5, 1.22%, 13, 8, 4, 10.61
1737951742, 15, 168, 236, 406, 5, 1.22%, 13, 8, 4, 10.27
1737951747, 15, 168, 236, 411, 5, 1.22%, 13, 8, 4, 10.16
1737951752, 15, 168, 236, 416, 5, 1.22%, 13, 8, 4, 10.12
1737951757, 15, 168, 236, 421, 5, 1.22%, 13, 8, 4, 10.15
1737951762, 15, 168, 236, 427, 5, 1.22%, 13, 8, 4, 11.58
1737951767, 15, 168, 236, 432, 5, 1.22%, 13, 8, 4, 10.59
1737951772, 15, 168, 236, 438, 5, 1.22%, 13, 8, 4, 10.51
1737951777, 15, 168, 236, 444, 5, 1.22%, 13, 8, 4, 10.75
1737951782, 15, 168, 236, 450, 5, 1.22%, 13, 8, 4, 11.04
1737951787, 15, 168, 236, 455, 5, 1.22%, 13, 8, 4, 10.67
1737951792, 15, 222, 236, 456, 3, 1.22%, 14, 8, 4, 10.26
1737951828, 16, 176, 236, 456, 0, 1.22%, 14, 8, 4, 10.60
1737951838, 16, 176, 237, 457, 0, 1.22%, 14, 8, 4, 10.50
1737951853, 16, 176, 239, 459, 0, 1.22%, 14, 8, 4, 9.90
1737951864, 17, 64, 239, 458, 2, 1.22%, 14, 8, 4, 11.22
1737951869, 17, 64, 240, 459, 2, 1.22%, 14, 8, 4, 12.12
1737951874, 17, 64, 241, 460, 2, 1.22%, 14, 8, 4, 11.26
1737951884, 17, 64, 242, 461, 2, 1.22%, 14, 8, 4, 12.22
1737951889, 17, 64, 243, 462, 2, 1.22%, 14, 8, 4, 12.45
1737951895, 18, 33, 243, 461, 0, 1.22%, 14, 8, 4, 11.39
1737951920, 18, 178, 243, 460, 0, 1.22%, 14, 8, 4, 12.14
1737951951, 19, 65, 243, 459, 0, 1.22%, 14, 8, 4, 12.75
1737951956, 19, 134, 243, 459, 0, 1.22%, 14, 8, 4, 12.12
1737951977, 19, 134, 244, 460, 0, 1.22%, 14, 8, 4, 11.14
1737951982, 19, 192, 244, 460, 0, 1.22%, 14, 8, 4, 10.47
1737952008, 19, 205, 244, 461, 0, 1.22%, 15, 8, 4, 10.24
1737952013, 19, 205, 246, 463, 0, 1.22%, 15, 8, 4, 10.60
1737952018, 19, 205, 247, 464, 0, 1.23%, 15, 8, 4, 10.53
1737952044, 19, 205, 248, 465, 0, 1.23%, 15, 8, 4, 10.64
1737952054, 19, 205, 248, 465, 0, 1.23%, 16, 8, 4, 10.49
1737952079, 19, 205, 249, 466, 0, 1.23%, 16, 8, 4, 10.54
1737952095, 19, 205, 250, 467, 0, 1.24%, 16, 8, 4, 10.25
1737952115, 20, 198, 250, 466, 2, 1.24%, 16, 8, 4, 11.11
1737952146, 21, 160, 250, 465, 1, 1.24%, 16, 8, 4, 11.00
1737952177, 21, 292, 250, 465, 1, 1.24%, 16, 8, 4, 11.67
1737952223, 21, 292, 251, 466, 1, 1.24%, 16, 8, 5, 11.19
1737952228, 22, 207, 252, 466, 1, 1.24%, 17, 8, 5, 11.37
1737952233, 22, 207, 253, 467, 1, 1.24%, 17, 8, 5, 12.20
1737952274, 22, 207, 254, 468, 1, 1.24%, 17, 8, 5, 10.59
1737952284, 23, 192, 254, 467, 1, 1.24%, 17, 8, 5, 11.62
1737952315, 23, 286, 254, 467, 1, 1.24%, 17, 8, 5, 9.29
1737952351, 24, 65, 254, 467, 1, 1.24%, 17, 8, 5, 0.81
1737952367, 24, 65, 255, 468, 1, 1.24%, 17, 8, 5, 10.91
1737952382, 24, 65, 257, 470, 1, 1.24%, 17, 8, 5, 10.86
1737952387, 24, 65, 258, 471, 1, 1.24%, 17, 8, 5, 10.56
1737952397, 24, 65, 259, 472, 1, 1.24%, 17, 8, 5, 10.27
1737952403, 24, 209, 259, 473, 1, 1.24%, 17, 8, 5, 10.51
1737952408, 24, 209, 259, 480, 1, 1.24%, 17, 8, 5, 11.76
1737952413, 24, 209, 259, 487, 1, 1.24%, 17, 8, 5, 13.16
1737952418, 24, 209, 259, 494, 1, 1.24%, 17, 8, 5, 12.37
1737952423, 24, 209, 259, 501, 1, 1.24%, 17, 8, 5, 12.24
1737952428, 24, 209, 259, 508, 1, 1.24%, 17, 8, 5, 12.22
1737952433, 24, 209, 259, 515, 1, 1.24%, 17, 8, 5, 12.17
1737952439, 24, 209, 259, 522, 1, 1.24%, 17, 8, 5, 11.99
1737952444, 24, 209, 259, 529, 1, 1.24%, 17, 8, 5, 12.06
1737952449, 24, 209, 259, 537, 1, 1.24%, 17, 8, 5, 13.66
1737952454, 24, 209, 259, 544, 1, 1.24%, 17, 8, 5, 13.76
1737952459, 24, 209, 259, 552, 1, 1.24%, 17, 8, 5, 13.11
1737952464, 24, 209, 259, 558, 1, 1.24%, 17, 8, 5, 11.89
1737952469, 24, 209, 259, 565, 1, 1.24%, 17, 8, 5, 12.49
1737952474, 24, 209, 259, 572, 1, 1.24%, 17, 8, 5, 12.00
1737952480, 24, 209, 259, 578, 1, 1.24%, 17, 8, 5, 11.38
1737952485, 24, 209, 259, 585, 1, 1.24%, 17, 8, 5, 13.14
1737952490, 24, 209, 259, 592, 1, 1.24%, 17, 8, 5, 12.87
1737952495, 24, 209, 259, 600, 1, 1.24%, 17, 8, 5, 14.11
1737952500, 24, 209, 259, 608, 1, 1.24%, 17, 8, 5, 12.75
1737952505, 24, 209, 259, 615, 1, 1.24%, 17, 8, 5, 13.65
1737952510, 24, 209, 259, 622, 1, 1.24%, 17, 8, 5, 12.95
1737952515, 24, 209, 259, 627, 1, 1.24%, 17, 8, 5, 11.64
1737952520, 24, 209, 259, 634, 1, 1.24%, 17, 8, 5, 12.58
1737952525, 24, 209, 259, 641, 1, 1.24%, 17, 8, 5, 11.96
1737952530, 24, 209, 259, 647, 1, 1.24%, 18, 8, 5, 11.69
1737952535, 24, 209, 259, 654, 1, 1.24%, 18, 8, 5, 12.39
1737952540, 24, 209, 259, 660, 1, 1.24%, 18, 8, 5, 13.04
1737952546, 24, 209, 259, 664, 1, 1.24%, 18, 8, 5, 12.32
1737952551, 24, 209, 259, 671, 1, 1.24%, 18, 8, 5, 12.15
1737952556, 24, 209, 259, 678, 1, 1.24%, 18, 8, 5, 12.71
1737952561, 24, 209, 259, 685, 1, 1.24%, 18, 8, 5, 11.77
1737952566, 24, 209, 259, 691, 1, 1.24%, 18, 8, 5, 11.83
1737952571, 24, 209, 259, 697, 1, 1.24%, 18, 8, 5, 11.79
1737952576, 24, 209, 259, 702, 1, 1.24%, 18, 8, 5, 12.71
1737952582, 24, 209, 259, 708, 1, 1.24%, 18, 8, 5, 12.82
1737952587, 24, 209, 259, 715, 1, 1.24%, 18, 8, 5, 11.94
1737952592, 24, 209, 259, 721, 1, 1.24%, 18, 8, 5, 11.14
1737952597, 24, 209, 259, 727, 1, 1.24%, 18, 8, 5, 11.72
1737952602, 24, 209, 259, 734, 1, 1.24%, 18, 8, 5, 12.04
1737952607, 24, 209, 259, 741, 1, 1.24%, 18, 8, 5, 12.50
1737952612, 24, 209, 259, 747, 1, 1.24%, 18, 8, 5, 11.67
1737952617, 25, 84, 260, 751, 10, 1.24%, 18, 8, 5, 12.89
1737952628, 25, 84, 261, 752, 10, 1.24%, 18, 8, 5, 14.04
1737952638, 25, 84, 262, 753, 10, 1.24%, 18, 8, 5, 13.55
1737952648, 25, 135, 262, 752, 9, 1.24%, 18, 8, 5, 13.37
1737952663, 25, 135, 263, 753, 9, 1.24%, 18, 8, 5, 11.34
1737952673, 25, 154, 263, 752, 5, 1.24%, 18, 8, 5, 10.85
1737952704, 25, 224, 263, 752, 4, 1.24%, 18, 8, 5, 10.28
1737952709, 25, 224, 264, 753, 4, 1.24%, 18, 8, 5, 10.76
1737952729, 25, 224, 265, 754, 4, 1.24%, 18, 8, 5, 10.74
1737952750, 25, 246, 265, 757, 0, 1.24%, 18, 8, 5, 10.14
1737952755, 25, 246, 265, 762, 0, 1.24%, 18, 8, 5, 10.39
1737952760, 25, 246, 265, 766, 0, 1.24%, 18, 8, 5, 10.45
1737952766, 25, 246, 265, 771, 0, 1.24%, 18, 8, 5, 10.22
1737952771, 25, 246, 265, 776, 0, 1.24%, 18, 8, 5, 10.73
1737952776, 25, 246, 265, 781, 0, 1.24%, 18, 8, 5, 10.55
1737952781, 25, 246, 265, 786, 0, 1.24%, 18, 8, 5, 10.41
1737952786, 25, 246, 265, 791, 0, 1.24%, 18, 8, 5, 10.38
1737952791, 25, 246, 265, 795, 0, 1.24%, 18, 8, 5, 10.44
1737952796, 25, 246, 265, 800, 0, 1.24%, 18, 8, 5, 10.22
1737952802, 25, 246, 265, 803, 0, 1.24%, 18, 8, 5, 10.22
1737952807, 25, 246, 265, 807, 0, 1.24%, 18, 8, 5, 9.93
1737952812, 25, 246, 265, 811, 0, 1.24%, 18, 8, 5, 10.08
1737952817, 25, 246, 265, 816, 0, 1.24%, 18, 8, 5, 10.44
1737952822, 25, 246, 265, 820, 0, 1.24%, 18, 8, 5, 10.18
1737952827, 25, 246, 265, 824, 0, 1.24%, 18, 8, 5, 10.16
1737952832, 25, 246, 265, 829, 0, 1.24%, 18, 8, 5, 10.23
