# unix_time, cycles_done, cur_path, paths_total, pending_total, pending_favs, map_size, unique_crashes, unique_hangs, max_depth, execs_per_sec
1737852064, 0, 0, 3, 3, 2, 0.56%, 0, 0, 2, 12.59
1737852070, 0, 0, 10, 10, 2, 0.58%, 0, 0, 2, 13.15
1737852075, 0, 0, 16, 16, 2, 0.59%, 0, 0, 2, 13.28
1737852080, 0, 0, 21, 21, 2, 0.61%, 0, 0, 2, 12.19
1737852085, 0, 0, 25, 25, 2, 0.61%, 0, 0, 2, 13.30
1737852090, 0, 0, 30, 30, 2, 0.63%, 0, 0, 2, 12.57
1737852095, 0, 0, 33, 33, 2, 0.64%, 0, 0, 2, 12.68
1737852100, 0, 0, 36, 36, 2, 0.64%, 0, 0, 2, 12.13
1737852106, 0, 0, 37, 37, 2, 0.64%, 0, 0, 2, 12.05
1737852111, 0, 0, 39, 39, 2, 0.64%, 0, 0, 2, 12.26
1737852116, 0, 0, 40, 40, 2, 0.64%, 0, 0, 2, 12.17
1737852121, 0, 0, 41, 41, 2, 0.64%, 0, 0, 2, 11.83
1737852136, 0, 0, 42, 42, 2, 0.65%, 0, 0, 2, 11.45
1737852141, 0, 0, 43, 43, 2, 0.66%, 0, 0, 2, 11.64
1737852147, 0, 0, 46, 46, 2, 0.67%, 0, 0, 2, 11.65
1737852152, 0, 0, 47, 47, 2, 0.67%, 0, 0, 2, 11.56
1737852157, 0, 0, 48, 48, 2, 0.67%, 0, 0, 2, 11.58
1737852162, 0, 0, 49, 49, 2, 0.67%, 0, 0, 2, 11.72
1737852167, 0, 0, 50, 50, 2, 0.67%, 0, 0, 2, 11.37
1737852172, 0, 0, 51, 51, 2, 0.67%, 0, 0, 2, 10.78
1737852177, 0, 0, 52, 52, 2, 0.67%, 0, 0, 2, 10.99
1737852187, 0, 0, 54, 54, 2, 0.67%, 0, 0, 2, 11.25
1737852193, 0, 0, 56, 56, 2, 0.68%, 0, 0, 2, 11.04
1737852198, 0, 0, 57, 57, 2, 0.68%, 0, 0, 2, 11.24
1737852203, 0, 0, 58, 58, 2, 0.68%, 0, 0, 2, 11.24
1737852208, 0, 0, 59, 59, 2, 0.68%, 0, 0, 2, 11.34
1737852239, 0, 0, 61, 61, 2, 0.68%, 0, 0, 2, 11.21
1737852244, 0, 0, 62, 62, 2, 0.68%, 0, 0, 2, 11.98
1737852249, 0, 3, 64, 63, 0, 0.69%, 0, 0, 3, 12.74
1737852259, 0, 3, 65, 64, 0, 0.69%, 0, 0, 3, 11.73
1737852265, 0, 3, 66, 65, 0, 0.69%, 0, 0, 3, 11.39
1737852270, 0, 3, 67, 66, 0, 0.69%, 0, 0, 3, 11.40
1737852280, 1, 0, 69, 67, 1, 0.69%, 0, 0, 3, 11.69
1737852285, 1, 0, 70, 68, 1, 0.69%, 0, 0, 3, 12.56
1737852290, 1, 0, 71, 69, 1, 0.69%, 0, 0, 3, 13.03
1737852300, 1, 0, 72, 70, 1, 0.69%, 0, 0, 3, 12.99
1737852310, 1, 0, 73, 71, 1, 0.70%, 0, 0, 3, 12.33
1737852326, 1, 0, 74, 72, 1, 0.70%, 0, 0, 3, 13.09
1737852336, 1, 0, 77, 75, 1, 0.70%, 0, 0, 3, 12.32
1737852341, 1, 0, 79, 77, 1, 0.70%, 0, 0, 3, 11.50
1737852347, 1, 0, 82, 80, 1, 0.70%, 0, 0, 3, 11.22
1737852352, 1, 0, 86, 84, 1, 0.71%, 0, 0, 3, 11.55
1737852357, 1, 0, 88, 86, 1, 0.72%, 0, 1, 3, 10.75
1737852362, 1, 0, 90, 88, 1, 0.73%, 0, 1, 3, 11.70
1737852368, 1, 0, 92, 90, 1, 0.74%, 0, 1, 3, 11.55
1737852373, 1, 0, 94, 92, 1, 0.74%, 0, 1, 3, 12.27
1737852383, 1, 0, 96, 94, 1, 0.77%, 0, 1, 3, 12.49
1737852388, 1, 0, 97, 95, 1, 0.77%, 0, 1, 3, 12.04
1737852398, 1, 0, 98, 96, 1, 0.77%, 0, 1, 3, 11.69
1737852403, 1, 0, 99, 97, 1, 0.77%, 0, 1, 3, 11.19
1737852409, 1, 0, 100, 98, 1, 0.78%, 0, 1, 3, 11.41
1737852414, 1, 0, 101, 99, 1, 0.78%, 0, 1, 3, 12.21
1737852419, 1, 0, 102, 100, 1, 0.78%, 0, 1, 3, 12.48
1737852424, 1, 0, 104, 102, 1, 0.78%, 0, 1, 3, 13.18
1737852429, 1, 0, 106, 104, 1, 0.79%, 0, 1, 3, 13.81
1737852434, 1, 0, 108, 106, 1, 0.80%, 0, 1, 3, 13.04
1737852439, 1, 0, 109, 107, 1, 0.80%, 0, 1, 3, 13.35
1737852444, 1, 0, 112, 110, 1, 0.83%, 0, 1, 3, 13.67
1737852450, 1, 0, 114, 112, 1, 0.83%, 0, 1, 3, 13.61
1737852455, 1, 0, 115, 113, 1, 0.83%, 0, 1, 3, 13.01
1737852460, 1, 0, 116, 114, 1, 0.83%, 0, 2, 3, 11.83
1737852476, 1, 0, 118, 116, 1, 0.84%, 0, 2, 3, 13.70
1737852486, 1, 0, 119, 117, 1, 0.85%, 0, 2, 3, 13.48
1737852491, 1, 0, 120, 118, 1, 0.85%, 0, 2, 3, 13.57
1737852496, 1, 0, 121, 119, 1, 0.85%, 0, 2, 3, 12.18
1737852501, 1, 0, 122, 120, 1, 0.86%, 0, 2, 3, 12.18
1737852512, 1, 0, 123, 121, 1, 0.86%, 0, 2, 3, 11.47
1737852517, 1, 0, 124, 122, 1, 0.86%, 0, 2, 3, 11.07
1737852537, 1, 0, 125, 123, 1, 0.86%, 0, 2, 3, 11.79
1737852542, 1, 0, 126, 124, 1, 0.86%, 0, 2, 3, 11.20
1737852552, 1, 0, 127, 125, 1, 0.86%, 0, 2, 3, 12.18
1737852558, 1, 0, 130, 128, 1, 0.86%, 0, 2, 3, 12.39
1737852568, 1, 0, 131, 129, 1, 0.86%, 0, 2, 3, 12.06
1737852573, 1, 0, 134, 132, 1, 0.87%, 0, 2, 3, 11.87
1737852578, 1, 0, 136, 134, 1, 0.87%, 0, 2, 3, 11.88
1737852588, 1, 0, 137, 135, 1, 0.88%, 0, 2, 3, 12.14
1737852593, 1, 0, 137, 135, 1, 0.88%, 0, 3, 3, 11.90
1737852650, 1, 0, 138, 136, 1, 0.88%, 0, 3, 3, 10.84
1737852701, 1, 1, 138, 136, 1, 0.88%, 0, 3, 3, 10.08
1737852726, 2, 33, 138, 135, 0, 0.88%, 0, 3, 3, 9.98
1737852732, 2, 33, 139, 136, 0, 0.89%, 0, 3, 3, 11.63
1737852737, 2, 33, 140, 137, 0, 0.89%, 0, 3, 3, 10.87
1737852742, 2, 33, 142, 139, 0, 0.89%, 0, 3, 3, 10.64
1737852747, 2, 33, 143, 140, 0, 0.89%, 0, 3, 3, 12.13
1737852752, 2, 33, 144, 141, 0, 0.89%, 0, 3, 3, 11.68
1737852757, 2, 33, 145, 142, 0, 0.89%, 0, 3, 3, 11.27
1737852768, 3, 12, 146, 142, 0, 0.90%, 0, 3, 3, 12.75
1737852773, 3, 12, 147, 143, 0, 0.90%, 0, 3, 3, 12.13
1737852783, 3, 12, 149, 145, 0, 0.90%, 0, 3, 3, 11.18
1737852793, 3, 12, 151, 147, 0, 0.90%, 0, 3, 3, 12.44
1737852804, 3, 61, 153, 148, 0, 0.90%, 0, 3, 3, 12.64
1737852809, 3, 61, 154, 149, 0, 0.90%, 0, 3, 3, 12.36
1737852814, 3, 61, 155, 150, 0, 0.90%, 0, 3, 3, 12.15
1737852829, 3, 61, 156, 151, 0, 0.90%, 0, 3, 3, 12.32
1737852845, 4, 45, 156, 150, 0, 0.90%, 0, 3, 3, 12.61
1737852866, 4, 82, 156, 149, 4294967295, 0.90%, 0, 3, 3, 12.33
1737852892, 4, 106, 157, 149, 4294967295, 0.90%, 0, 3, 3, 10.82
1737852917, 4, 106, 158, 150, 4294967295, 0.90%, 0, 3, 3, 10.97
1737852922, 5, 94, 158, 149, 0, 0.90%, 0, 3, 3, 11.13
1737852938, 5, 94, 160, 151, 0, 0.90%, 0, 3, 3, 12.22
1737852953, 5, 99, 161, 151, 0, 0.91%, 0, 3, 3, 10.85
1737852979, 5, 99, 162, 152, 0, 0.91%, 0, 3, 3, 9.77
1737852989, 5, 108, 162, 151, 0, 0.91%, 0, 3, 3, 10.31
1737853015, 5, 111, 162, 150, 0, 0.91%, 0, 3, 3, 10.66
1737853020, 5, 111, 163, 151, 0, 0.91%, 0, 3, 3, 11.69
1737853046, 5, 121, 164, 151, 0, 0.91%, 0, 3, 3, 12.07
1737853056, 5, 121, 165, 152, 0, 0.91%, 0, 3, 3, 11.10
1737853072, 5, 121, 167, 154, 0, 0.91%, 0, 3, 3, 12.13
1737853077, 5, 121, 168, 155, 0, 0.91%, 0, 3, 3, 12.14
1737853082, 5, 157, 168, 154, 0, 0.91%, 0, 3, 3, 11.24
1737853107, 5, 157, 169, 155, 0, 0.91%, 0, 3, 4, 10.21
1737853118, 5, 158, 169, 154, 1, 0.91%, 0, 3, 4, 10.75
1737853123, 5, 158, 170, 155, 1, 0.91%, 0, 3, 4, 10.61
1737853128, 5, 158, 171, 156, 1, 0.91%, 0, 3, 4, 10.59
1737853133, 5, 158, 171, 156, 1, 0.91%, 0, 4, 4, 10.50
1737853148, 5, 158, 172, 157, 1, 0.92%, 0, 4, 4, 11.29
1737853164, 5, 158, 173, 158, 1, 0.92%, 0, 4, 4, 10.70
1737853189, 5, 158, 173, 158, 1, 0.92%, 0, 5, 4, 10.74
1737853205, 5, 158, 174, 159, 1, 0.92%, 0, 5, 4, 10.69
1737853210, 5, 158, 175, 160, 1, 0.92%, 0, 5, 4, 10.54
1737853220, 5, 158, 176, 161, 1, 0.92%, 0, 5, 4, 10.98
1737853226, 6, 1, 176, 160, 12, 0.92%, 0, 5, 4, 11.18
1737853231, 6, 1, 177, 161, 12, 0.92%, 0, 5, 4, 11.85
1737853241, 6, 1, 178, 162, 12, 0.92%, 0, 5, 4, 11.64
1737853256, 6, 63, 179, 163, 3, 0.92%, 0, 5, 4, 11.40
1737853282, 7, 1, 180, 163, 5, 0.93%, 0, 5, 4, 12.10
1737853293, 7, 1, 181, 164, 5, 0.93%, 0, 5, 4, 11.80
1737853298, 7, 1, 182, 165, 5, 0.93%, 0, 5, 4, 11.55
1737853303, 7, 1, 183, 166, 5, 0.93%, 0, 5, 4, 11.22
1737853308, 7, 1, 184, 167, 5, 0.93%, 0, 5, 4, 11.63
1737853318, 7, 1, 184, 167, 8, 0.93%, 0, 5, 4, 11.28
1737853323, 7, 1, 186, 169, 8, 0.93%, 0, 5, 4, 12.16
1737853328, 7, 1, 187, 170, 8, 0.93%, 0, 5, 4, 12.06
1737853343, 7, 1, 188, 171, 8, 0.93%, 0, 5, 4, 12.73
1737853349, 7, 1, 190, 173, 8, 0.93%, 0, 5, 4, 12.36
1737853354, 7, 1, 191, 174, 8, 0.93%, 0, 5, 4, 12.52
1737853369, 7, 1, 192, 175, 8, 0.93%, 0, 5, 4, 12.72
1737853385, 7, 1, 194, 177, 8, 0.93%, 0, 5, 4, 10.87
1737853395, 7, 1, 195, 178, 8, 0.93%, 0, 5, 4, 11.89
1737853400, 7, 1, 195, 178, 1, 0.93%, 0, 5, 4, 11.83
1737853421, 7, 1, 196, 179, 1, 0.93%, 0, 5, 4, 10.80
1737853482, 7, 1, 197, 180, 1, 0.93%, 0, 5, 4, 10.32
1737853498, 7, 1, 198, 181, 1, 0.93%, 0, 5, 4, 10.46
1737853508, 7, 197, 198, 181, 0, 0.93%, 0, 5, 4, 10.41
1737853528, 7, 197, 199, 182, 0, 0.93%, 0, 5, 4, 10.22
1737853544, 8, 52, 199, 181, 0, 0.93%, 0, 5, 4, 10.67
1737853565, 9, 13, 199, 180, 0, 0.93%, 0, 5, 4, 11.57
1737853570, 9, 13, 200, 181, 0, 0.93%, 0, 5, 4, 11.25
1737853591, 9, 154, 200, 180, 1, 0.93%, 0, 5, 4, 11.79
1737853611, 9, 154, 201, 181, 1, 0.94%, 0, 5, 4, 11.60
1737853622, 10, 45, 201, 180, 0, 0.94%, 0, 5, 4, 12.00
1737853642, 10, 82, 201, 180, 0, 0.94%, 0, 5, 4, 11.35
1737853647, 10, 82, 202, 181, 0, 0.94%, 0, 5, 4, 11.32
1737853657, 10, 82, 203, 182, 0, 0.94%, 0, 5, 4, 11.61
1737853668, 10, 82, 204, 183, 0, 0.94%, 0, 5, 4, 10.90
1737853673, 10, 156, 205, 184, 2, 0.95%, 0, 5, 4, 11.18
1737853688, 10, 156, 205, 184, 2, 0.95%, 0, 6, 4, 11.10
1737853714, 10, 170, 205, 183, 2, 0.95%, 0, 6, 4, 10.97
1737853734, 10, 170, 206, 184, 2, 0.95%, 0, 6, 5, 11.07
1737853770, 11, 113, 206, 183, 2, 0.95%, 0, 6, 5, 11.52
1737853786, 11, 113, 207, 184, 2, 0.95%, 0, 6, 5, 11.40
1737853796, 11, 120, 207, 183, 2, 0.95%, 0, 6, 5, 11.49
1737853806, 11, 120, 208, 184, 2, 0.95%, 0, 7, 5, 10.15
1737853826, 12, 111, 208, 183, 1, 0.95%, 0, 7, 5, 10.82
1737853852, 12, 164, 208, 183, 1, 0.95%, 0, 7, 5, 11.07
1737853867, 13, 157, 208, 182, 0, 0.95%, 0, 7, 5, 10.62
1737853893, 13, 174, 208, 182, 0, 0.95%, 0, 7, 5, 10.41
1737853929, 13, 174, 209, 183, 0, 0.95%, 0, 7, 5, 10.04
1737853955, 14, 2, 209, 182, 0, 0.95%, 0, 7, 5, 12.39
1737853975, 14, 5, 210, 182, 0, 0.96%, 0, 7, 5, 12.20
1737854001, 14, 71, 210, 181, 5, 0.96%, 0, 7, 5, 13.03
1737854011, 14, 71, 211, 182, 5, 0.96%, 0, 7, 5, 12.80
1737854022, 14, 87, 211, 181, 10, 0.96%, 0, 7, 5, 11.92
1737854047, 15, 76, 211, 180, 9, 0.96%, 0, 7, 5, 10.81
1737854057, 15, 76, 212, 181, 9, 0.96%, 0, 7, 5, 10.23
1737854077, 15, 97, 212, 180, 3, 0.96%, 0, 7, 5, 10.22
1737854082, 15, 97, 213, 181, 3, 0.96%, 0, 7, 5, 10.15
1737854113, 15, 137, 213, 180, 1, 0.96%, 0, 7, 5, 10.08
1737854144, 15, 184, 213, 179, 0, 0.96%, 0, 7, 5, 10.54
1737854175, 15, 198, 213, 178, 0, 0.96%, 0, 7, 5, 10.21
1737854216, 16, 144, 213, 177, 4294967295, 0.96%, 0, 7, 5, 10.50
1737854241, 16, 144, 214, 178, 4294967295, 0.96%, 0, 7, 5, 12.01
1737854246, 17, 22, 215, 178, 2, 0.96%, 0, 7, 5, 13.82
1737854267, 17, 155, 215, 177, 1, 0.96%, 0, 7, 5, 11.97
1737854287, 17, 155, 216, 178, 1, 0.96%, 0, 7, 5, 10.82
1737854292, 18, 45, 216, 177, 0, 0.96%, 0, 7, 5, 11.68
1737854303, 18, 45, 217, 178, 0, 0.96%, 0, 7, 5, 12.02
1737854318, 18, 84, 218, 179, 0, 0.96%, 0, 7, 5, 13.00
1737854344, 18, 157, 218, 178, 2, 0.96%, 0, 7, 5, 11.47
1737854369, 18, 182, 218, 178, 2, 0.96%, 0, 7, 5, 10.64
1737854395, 19, 160, 218, 177, 1, 0.96%, 0, 7, 5, 10.29
1737854400, 19, 160, 219, 178, 1, 0.96%, 0, 7, 5, 10.07
1737854405, 19, 160, 220, 179, 1, 0.97%, 0, 7, 5, 10.14
1737854426, 19, 160, 221, 180, 1, 0.97%, 0, 7, 5, 10.14
1737854482, 19, 160, 222, 181, 1, 0.97%, 0, 7, 5, 9.67
1737854492, 19, 160, 223, 182, 1, 0.98%, 0, 7, 5, 9.99
1737854508, 20, 120, 223, 181, 1, 0.98%, 0, 7, 5, 10.00
1737854533, 20, 162, 223, 181, 1, 0.98%, 0, 7, 5, 10.54
1737854544, 20, 162, 224, 182, 1, 0.98%, 0, 7, 5, 11.06
1737854574, 20, 166, 224, 181, 1, 0.98%, 0, 7, 5, 12.00
1737854605, 20, 168, 224, 180, 0, 0.98%, 0, 7, 5, 10.53
1737854662, 20, 169, 225, 180, 0, 0.98%, 0, 7, 5, 10.94
1737854729, 21, 9, 225, 179, 0, 0.98%, 0, 7, 5, 11.00
1737854744, 21, 9, 226, 180, 0, 0.98%, 0, 7, 5, 11.91
1737854755, 21, 62, 226, 179, 0, 0.98%, 0, 7, 5, 12.19
1737854770, 21, 62, 227, 180, 0, 0.98%, 0, 7, 5, 12.02
1737854780, 21, 73, 227, 179, 0, 0.98%, 0, 7, 5, 12.47
1737854790, 21, 73, 228, 180, 0, 0.98%, 0, 7, 5, 12.75
1737854800, 21, 73, 229, 181, 0, 0.98%, 0, 7, 5, 12.50
1737854806, 21, 90, 229, 180, 10, 0.98%, 0, 7, 5, 12.65
1737854831, 21, 125, 229, 179, 9, 0.98%, 0, 7, 5, 11.84
1737854857, 21, 132, 229, 178, 8, 0.98%, 0, 7, 5, 11.14
1737854883, 22, 0, 229, 177, 7, 0.98%, 0, 7, 5, 10.53
1737854909, 22, 196, 229, 177, 7, 0.98%, 0, 7, 5, 10.43
1737854919, 22, 196, 230, 178, 7, 0.98%, 0, 7, 5, 10.57
1737854950, 22, 229, 230, 177, 0, 0.98%, 0, 7, 5, 10.32
1737854986, 23, 177, 231, 177, 4294967295, 0.98%, 0, 7, 5, 12.89
1737855011, 23, 177, 232, 178, 4294967295, 0.98%, 0, 7, 5, 11.68
1737855022, 24, 54, 232, 177, 1, 0.98%, 0, 7, 5, 11.33
1737855047, 25, 17, 232, 176, 0, 0.98%, 0, 7, 5, 11.41
1737855067, 25, 45, 232, 175, 0, 0.98%, 0, 7, 5, 11.34
1737855072, 25, 45, 233, 176, 0, 0.98%, 0, 7, 5, 12.52
1737855093, 25, 201, 233, 176, 0, 0.98%, 0, 7, 5, 12.69
1737855119, 26, 105, 233, 175, 0, 0.98%, 0, 7, 5, 11.84
1737855139, 26, 105, 234, 176, 0, 0.98%, 0, 7, 5, 11.69
1737855144, 26, 105, 235, 177, 0, 0.98%, 0, 7, 5, 11.58
1737855149, 26, 172, 235, 176, 0, 0.98%, 0, 7, 5, 11.32
1737855200, 26, 221, 235, 175, 0, 0.98%, 0, 7, 5, 10.80
1737855262, 27, 207, 235, 174, 0, 0.98%, 0, 7, 5, 9.91
1737855283, 28, 163, 235, 173, 4294967295, 0.98%, 0, 7, 5, 10.63
1737855313, 28, 182, 235, 172, 4294967294, 0.98%, 0, 7, 5, 10.12
1737855344, 29, 157, 235, 172, 4294967294, 0.98%, 0, 7, 5, 9.96
1737855354, 29, 157, 236, 173, 4294967294, 0.99%, 0, 7, 5, 10.14
1737855365, 29, 157, 237, 174, 4294967294, 0.99%, 0, 7, 5, 10.31
1737855375, 29, 205, 237, 174, 2, 0.99%, 0, 7, 5, 10.32
1737855385, 29, 205, 238, 175, 2, 0.99%, 0, 7, 6, 10.20
1737855426, 29, 235, 238, 174, 0, 0.99%, 0, 7, 6, 10.26
1737855483, 29, 235, 239, 175, 0, 0.99%, 0, 7, 6, 10.02
1737855488, 30, 11, 239, 174, 4294967295, 0.99%, 0, 7, 6, 10.81
1737855498, 30, 11, 240, 175, 4294967295, 0.99%, 0, 7, 6, 10.75
1737855513, 30, 65, 240, 174, 4, 0.99%, 0, 7, 6, 11.70
1737855519, 30, 65, 241, 175, 4, 0.99%, 0, 7, 6, 11.28
1737855539, 30, 90, 241, 174, 3, 0.99%, 0, 7, 6, 10.88
1737855549, 30, 90, 242, 175, 3, 0.99%, 0, 7, 6, 11.96
1737855554, 30, 90, 244, 177, 3, 1.02%, 0, 7, 6, 11.81
1737855559, 30, 90, 246, 179, 3, 1.02%, 0, 7, 6, 10.83
1737855564, 30, 90, 248, 181, 3, 1.02%, 0, 7, 6, 11.16
1737855575, 30, 90, 249, 182, 3, 1.02%, 0, 7, 6, 11.73
1737855611, 30, 102, 249, 182, 9, 1.02%, 0, 7, 6, 12.59
1737855636, 30, 213, 249, 181, 8, 1.02%, 0, 7, 6, 11.40
1737855641, 30, 213, 250, 182, 8, 1.02%, 0, 7, 6, 11.36
1737855708, 31, 212, 251, 182, 1, 1.02%, 0, 7, 6, 10.27
1737855754, 32, 118, 251, 181, 0, 1.02%, 0, 7, 6, 10.70
1737855780, 33, 97, 251, 180, 0, 1.02%, 0, 7, 6, 10.20
1737855805, 33, 246, 251, 180, 0, 1.02%, 0, 7, 6, 9.94
1737855810, 33, 246, 252, 181, 0, 1.02%, 0, 7, 6, 10.17
1737855841, 33, 246, 253, 182, 0, 1.02%, 0, 7, 6, 10.38
1737855851, 34, 215, 253, 181, 0, 1.02%, 0, 7, 6, 9.97
1737855918, 34, 226, 254, 181, 0, 1.02%, 0, 7, 6, 10.60
1737855980, 35, 58, 254, 180, 0, 1.02%, 0, 7, 6, 12.15
1737856005, 36, 39, 254, 179, 0, 1.02%, 0, 7, 6, 10.43
1737856011, 36, 39, 255, 180, 0, 1.02%, 0, 7, 6, 10.56
1737856036, 36, 216, 255, 179, 0, 1.02%, 0, 7, 6, 11.54
1737856062, 37, 202, 255, 178, 0, 1.02%, 0, 7, 6, 12.07
1737856067, 37, 202, 257, 180, 0, 1.02%, 0, 7, 6, 13.21
1737856113, 38, 122, 257, 179, 1, 1.02%, 0, 7, 6, 11.62
1737856129, 38, 122, 258, 180, 1, 1.02%, 0, 7, 6, 10.65
1737856150, 38, 237, 258, 179, 1, 1.02%, 0, 7, 6, 10.71
1737856206, 39, 206, 258, 178, 0, 1.02%, 0, 7, 6, 10.75
1737856237, 40, 108, 258, 177, 0, 1.02%, 0, 7, 6, 10.54
1737856262, 40, 223, 259, 178, 0, 1.02%, 0, 7, 6, 10.24
1737856313, 41, 167, 259, 177, 0, 1.02%, 0, 7, 6, 10.96
1737856324, 41, 167, 260, 178, 0, 1.02%, 0, 7, 6, 11.33
1737856339, 41, 167, 261, 179, 0, 1.02%, 0, 7, 6, 12.44
1737856344, 41, 167, 262, 180, 0, 1.02%, 0, 7, 6, 11.85
1737856360, 41, 168, 262, 179, 1, 1.02%, 0, 7, 6, 10.73
1737856395, 41, 237, 262, 179, 1, 1.02%, 0, 7, 6, 10.08
1737856452, 42, 235, 262, 179, 1, 1.02%, 0, 7, 6, 10.31
1737856508, 43, 97, 262, 179, 1, 1.02%, 0, 7, 6, 10.99
1737856528, 43, 107, 262, 179, 1, 1.02%, 0, 7, 6, 11.45
1737856544, 43, 107, 263, 180, 1, 1.02%, 0, 7, 6, 11.57
1737856559, 43, 116, 263, 179, 7, 1.02%, 0, 7, 6, 12.06
1737856569, 43, 116, 264, 180, 7, 1.02%, 0, 7, 6, 11.70
1737856585, 43, 218, 264, 179, 6, 1.02%, 0, 7, 6, 10.73
1737856590, 43, 218, 265, 180, 6, 1.02%, 0, 7, 6, 10.11
1737856605, 43, 218, 266, 181, 6, 1.02%, 0, 7, 6, 9.73
1737856703, 43, 218, 267, 182, 6, 1.02%, 0, 7, 6, 9.64
1737856708, 43, 235, 267, 181, 1, 1.02%, 0, 7, 6, 9.78
1737856764, 44, 22, 267, 181, 1, 1.02%, 0, 7, 6, 10.46
1737856769, 44, 27, 267, 181, 1, 1.02%, 0, 7, 6, 12.47
1737856790, 44, 98, 267, 180, 0, 1.02%, 0, 7, 6, 11.52
1737856815, 44, 119, 267, 179, 0, 1.02%, 0, 7, 6, 12.50
1737856820, 44, 119, 268, 180, 0, 1.02%, 0, 7, 6, 13.16
1737856846, 44, 159, 268, 179, 0, 1.02%, 0, 7, 6, 12.69
1737856872, 45, 21, 268, 178, 0, 1.02%, 0, 7, 6, 12.47
1737856892, 45, 36, 268, 177, 0, 1.02%, 0, 7, 6, 11.59
1737856918, 45, 126, 268, 176, 0, 1.02%, 0, 7, 6, 12.01
1737856923, 45, 126, 269, 177, 0, 1.02%, 0, 7, 6, 12.23
1737856928, 45, 126, 270, 178, 0, 1.02%, 0, 7, 6, 12.01
1737856949, 45, 206, 270, 177, 0, 1.02%, 0, 7, 6, 11.54
1737856954, 45, 206, 271, 178, 0, 1.02%, 0, 7, 6, 11.04
1737856990, 46, 188, 271, 178, 0, 1.02%, 0, 7, 6, 11.49
1737857016, 47, 80, 271, 177, 0, 1.02%, 0, 7, 6, 10.96
1737857041, 47, 218, 271, 176, 0, 1.02%, 0, 7, 6, 10.45
1737857102, 48, 154, 271, 176, 0, 1.02%, 0, 7, 6, 9.57
1737857132, 49, 139, 271, 176, 0, 1.02%, 0, 7, 6, 10.65
1737857158, 49, 191, 271, 175, 0, 1.02%, 0, 7, 6, 12.03
1737857163, 49, 191, 272, 176, 0, 1.02%, 0, 7, 6, 12.54
1737857174, 49, 191, 274, 178, 0, 1.02%, 0, 7, 6, 12.94
1737857235, 49, 191, 275, 179, 0, 1.02%, 0, 7, 6, 11.59
1737857245, 50, 128, 275, 178, 0, 1.02%, 0, 7, 6, 11.61
1737857271, 51, 47, 275, 177, 0, 1.02%, 0, 7, 6, 11.12
1737857297, 51, 160, 275, 176, 0, 1.02%, 0, 7, 6, 11.71
1737857302, 51, 160, 276, 177, 0, 1.02%, 0, 7, 6, 11.38
1737857322, 51, 208, 276, 177, 0, 1.02%, 0, 7, 6, 11.23
1737857338, 51, 208, 277, 178, 0, 1.02%, 0, 7, 6, 10.89
1737857394, 51, 240, 277, 177, 0, 1.02%, 0, 7, 6, 10.86
1737857399, 51, 240, 278, 178, 0, 1.02%, 0, 7, 6, 12.57
1737857445, 51, 240, 279, 179, 0, 1.02%, 0, 7, 6, 11.32
1737857450, 51, 240, 280, 180, 0, 1.02%, 0, 7, 6, 11.76
1737857466, 51, 259, 281, 180, 1, 1.02%, 0, 7, 6, 11.31
1737857522, 51, 259, 282, 181, 1, 1.02%, 0, 7, 6, 10.14
1737857543, 52, 179, 282, 180, 7, 1.02%, 0, 7, 6, 11.66
1737857553, 52, 179, 283, 181, 7, 1.02%, 0, 7, 6, 11.13
1737857573, 52, 278, 283, 180, 6, 1.02%, 0, 7, 6, 11.30
1737857599, 53, 147, 283, 179, 5, 1.02%, 0, 7, 6, 10.88
1737857634, 53, 172, 283, 178, 5, 1.02%, 0, 7, 6, 10.03
1737857665, 54, 120, 283, 178, 5, 1.02%, 0, 7, 6, 10.62
1737857691, 54, 249, 283, 178, 5, 1.02%, 0, 7, 6, 11.00
1737857742, 55, 164, 283, 177, 4, 1.02%, 0, 7, 6, 10.00
1737857773, 55, 205, 283, 177, 4, 1.02%, 0, 7, 6, 9.95
1737857789, 55, 205, 284, 178, 4, 1.02%, 0, 7, 6, 10.63
1737857799, 55, 205, 285, 179, 4, 1.02%, 0, 7, 6, 10.92
1737857814, 55, 205, 286, 180, 4, 1.02%, 0, 7, 6, 10.37
1737857835, 55, 205, 287, 181, 4, 1.02%, 0, 7, 6, 10.72
1737857881, 55, 205, 288, 182, 4, 1.02%, 0, 7, 6, 10.90
1737857886, 55, 205, 288, 182, 0, 1.02%, 0, 7, 6, 11.19
1737857907, 55, 228, 288, 182, 0, 1.02%, 0, 7, 6, 11.30
1737857937, 56, 118, 288, 181, 0, 1.02%, 0, 7, 6, 11.95
1737857958, 56, 251, 288, 181, 0, 1.02%, 0, 7, 6, 10.63
1737858014, 57, 55, 288, 180, 0, 1.02%, 0, 7, 6, 10.46
1737858019, 57, 55, 289, 181, 0, 1.02%, 0, 7, 6, 10.86
1737858045, 57, 223, 289, 180, 0, 1.02%, 0, 7, 6, 9.30
1737858106, 57, 264, 289, 180, 0, 1.02%, 0, 7, 6, 9.16
1737858167, 58, 204, 289, 179, 0, 1.02%, 0, 7, 6, 10.61
1737858218, 59, 56, 289, 178, 0, 1.02%, 0, 7, 6, 11.36
1737858239, 59, 260, 289, 177, 0, 1.02%, 0, 7, 6, 12.04
1737858249, 59, 260, 290, 178, 0, 1.03%, 0, 7, 6, 12.54
1737858260, 59, 260, 291, 179, 0, 1.03%, 0, 7, 6, 12.77
1737858336, 60, 235, 291, 178, 7, 1.03%, 0, 7, 6, 12.14
1737858388, 61, 116, 291, 178, 7, 1.03%, 0, 7, 6, 11.68
1737858398, 61, 194, 291, 178, 7, 1.03%, 0, 7, 6, 12.17
1737858418, 61, 194, 292, 179, 7, 1.03%, 0, 7, 6, 10.91
1737858429, 61, 243, 292, 178, 6, 1.03%, 0, 7, 6, 11.35
1737858459, 62, 120, 292, 177, 5, 1.03%, 0, 7, 6, 10.63
1737858485, 62, 229, 292, 177, 5, 1.03%, 0, 7, 6, 11.58
1737858495, 62, 229, 293, 178, 5, 1.03%, 0, 7, 6, 11.13
1737858516, 62, 237, 293, 178, 5, 1.03%, 0, 7, 6, 10.66
1737858556, 62, 237, 294, 179, 5, 1.03%, 0, 7, 7, 10.30
1737858572, 62, 276, 295, 180, 0, 1.03%, 0, 7, 7, 9.98
1737858602, 62, 276, 296, 181, 0, 1.03%, 0, 7, 7, 11.09
1737858690, 63, 244, 296, 180, 0, 1.03%, 0, 7, 7, 11.12
1737858715, 64, 171, 296, 179, 0, 1.03%, 0, 7, 7, 11.65
1737858766, 65, 62, 296, 178, 0, 1.03%, 0, 7, 7, 12.15
1737858787, 65, 236, 296, 178, 0, 1.03%, 0, 7, 7, 11.61
1737858875, 66, 165, 296, 177, 0, 1.03%, 0, 7, 7, 11.05
1737858905, 66, 215, 296, 176, 0, 1.03%, 0, 7, 7, 11.27
1737858926, 66, 215, 297, 177, 0, 1.03%, 0, 7, 7, 11.29
1737858962, 66, 226, 297, 177, 0, 1.03%, 0, 7, 7, 12.48
1737859008, 67, 143, 298, 178, 0, 1.03%, 0, 7, 7, 15.71
1737859028, 67, 236, 298, 177, 0, 1.03%, 0, 7, 7, 12.53
1737859105, 68, 177, 298, 177, 0, 1.03%, 0, 7, 7, 13.03
1737859110, 68, 177, 299, 178, 0, 1.03%, 0, 7, 7, 13.55
1737859131, 68, 195, 299, 178, 0, 1.03%, 0, 7, 7, 11.32
1737859156, 68, 256, 299, 177, 0, 1.03%, 0, 7, 7, 10.87
1737859207, 69, 234, 299, 176, 0, 1.03%, 0, 7, 7, 11.34
1737859239, 69, 275, 299, 175, 0, 1.03%, 0, 7, 7, 11.09
1737859254, 69, 275, 300, 176, 0, 1.03%, 0, 7, 7, 12.02
1737859295, 70, 197, 300, 175, 0, 1.03%, 0, 7, 7, 10.81
1737859321, 70, 263, 300, 175, 0, 1.03%, 0, 7, 7, 10.89
1737859351, 71, 130, 300, 174, 0, 1.03%, 0, 7, 7, 10.77
1737859377, 71, 276, 300, 173, 0, 1.03%, 0, 7, 7, 10.44
1737859433, 72, 270, 300, 173, 0, 1.03%, 0, 7, 7, 10.40
1737859484, 72, 272, 300, 172, 0, 1.03%, 0, 7, 7, 10.38
1737859489, 72, 272, 301, 173, 0, 1.03%, 0, 7, 7, 11.85
1737859505, 72, 272, 302, 174, 0, 1.03%, 0, 7, 7, 12.39
1737859541, 73, 1, 302, 173, 3, 1.03%, 0, 7, 7, 11.24
1737859561, 73, 280, 302, 173, 3, 1.03%, 0, 7, 7, 11.36
1737859617, 74, 243, 302, 172, 2, 1.03%, 0, 7, 7, 10.45
1737859684, 74, 280, 302, 172, 2, 1.03%, 0, 7, 7, 10.14
1737859740, 75, 250, 302, 172, 2, 1.03%, 0, 7, 7, 10.85
1737859802, 75, 295, 302, 171, 1, 1.03%, 0, 7, 7, 10.66
1737859853, 76, 252, 303, 171, 1, 1.03%, 0, 7, 7, 10.79
1737859900, 76, 252, 304, 172, 1, 1.03%, 0, 7, 7, 10.25
1737859931, 76, 301, 304, 171, 1, 1.03%, 0, 7, 7, 11.22
1737859961, 76, 301, 305, 172, 1, 1.03%, 0, 7, 7, 10.94
1737859982, 77, 283, 305, 171, 6, 1.03%, 0, 7, 7, 10.91
1737860038, 78, 66, 305, 170, 5, 1.03%, 0, 7, 7, 11.22
1737860063, 78, 178, 305, 169, 4, 1.03%, 0, 7, 7, 13.24
1737860104, 79, 161, 305, 168, 3, 1.03%, 0, 7, 7, 11.33
1737860140, 79, 209, 305, 167, 2, 1.03%, 0, 7, 7, 10.24
1737860161, 79, 223, 305, 166, 1, 1.03%, 0, 7, 7, 10.96
1737860212, 80, 0, 305, 166, 1, 1.03%, 0, 7, 7, 11.73
1737860232, 80, 276, 305, 166, 1, 1.03%, 0, 7, 7, 11.42
1737860238, 80, 276, 306, 167, 1, 1.03%, 0, 7, 7, 10.47
1737860310, 81, 219, 306, 167, 1, 1.03%, 0, 7, 7, 10.30
1737860315, 81, 219, 307, 168, 1, 1.03%, 0, 7, 7, 10.10
1737860320, 81, 219, 308, 169, 1, 1.03%, 0, 7, 7, 10.06
1737860366, 81, 219, 309, 170, 1, 1.03%, 0, 7, 7, 10.14
1737860428, 82, 126, 309, 169, 0, 1.03%, 0, 7, 7, 10.64
1737860453, 82, 294, 309, 169, 0, 1.03%, 0, 7, 7, 10.53
1737860510, 83, 127, 309, 168, 0, 1.03%, 0, 7, 7, 11.46
1737860535, 84, 67, 309, 167, 0, 1.03%, 0, 7, 7, 12.03
1737860561, 85, 32, 309, 166, 0, 1.03%, 0, 7, 7, 12.63
1737860571, 85, 32, 310, 167, 0, 1.03%, 0, 7, 7, 13.43
1737860582, 85, 257, 310, 166, 0, 1.03%, 0, 7, 7, 12.02
1737860623, 86, 33, 310, 165, 0, 1.03%, 0, 7, 7, 10.40
1737860649, 86, 35, 310, 165, 0, 1.03%, 0, 7, 7, 12.77
1737860669, 86, 232, 310, 164, 0, 1.03%, 0, 7, 7, 14.46
1737860690, 86, 232, 311, 165, 0, 1.03%, 0, 7, 7, 13.41
1737860695, 87, 128, 311, 164, 0, 1.03%, 0, 7, 7, 11.97
1737860721, 87, 202, 311, 164, 0, 1.03%, 0, 7, 7, 12.52
1737860741, 87, 202, 312, 165, 0, 1.03%, 0, 7, 7, 12.01
1737860751, 88, 45, 312, 165, 3, 1.03%, 0, 7, 7, 12.00
1737860772, 88, 203, 312, 165, 3, 1.03%, 0, 7, 7, 11.09
1737860802, 88, 217, 312, 164, 2, 1.03%, 0, 7, 7, 10.82
1737860833, 88, 238, 312, 163, 1, 1.03%, 0, 7, 7, 10.88
1737860895, 88, 304, 312, 162, 1, 1.03%, 0, 7, 7, 10.82
1737860946, 89, 69, 312, 161, 0, 1.03%, 0, 7, 7, 12.28
1737860967, 89, 311, 312, 160, 0, 1.03%, 0, 7, 7, 11.46
1737860972, 89, 311, 313, 161, 0, 1.03%, 0, 7, 7, 11.10
1737861038, 90, 54, 313, 160, 3, 1.03%, 0, 7, 7, 10.34
1737861064, 91, 0, 313, 160, 3, 1.03%, 0, 7, 7, 10.56
1737861074, 91, 0, 314, 161, 3, 1.03%, 0, 7, 7, 11.33
1737861090, 91, 313, 314, 161, 4, 1.03%, 0, 7, 7, 11.43
1737861126, 92, 253, 314, 160, 3, 1.03%, 0, 7, 7, 11.33
1737861177, 93, 0, 314, 159, 3, 1.03%, 0, 7, 7, 11.42
1737861197, 93, 231, 315, 160, 3, 1.03%, 0, 7, 7, 11.02
1737861238, 94, 199, 315, 159, 1, 1.03%, 0, 7, 7, 11.00
1737861269, 95, 74, 315, 158, 0, 1.03%, 0, 7, 7, 11.69
1737861295, 96, 57, 315, 157, 0, 1.03%, 0, 7, 7, 15.10
1737861310, 96, 238, 315, 156, 0, 1.03%, 0, 7, 7, 13.65
1737861366, 97, 159, 315, 156, 0, 1.03%, 0, 7, 7, 10.51
1737861392, 98, 81, 315, 156, 0, 1.03%, 0, 7, 7, 11.40
1737861423, 99, 79, 315, 155, 0, 1.03%, 0, 7, 7, 11.94
1737861444, 99, 257, 315, 154, 0, 1.03%, 0, 7, 7, 11.70
1737861479, 99, 257, 316, 155, 0, 1.03%, 0, 7, 7, 9.57
1737861495, 100, 86, 316, 155, 0, 1.03%, 0, 7, 7, 10.73
1737861520, 100, 157, 316, 154, 0, 1.03%, 0, 7, 7, 10.88
1737861546, 101, 41, 316, 154, 0, 1.03%, 0, 7, 7, 10.17
1737861572, 101, 312, 316, 153, 0, 1.03%, 0, 7, 7, 10.30
1737861628, 102, 82, 316, 152, 0, 1.03%, 0, 7, 7, 11.62
1737861648, 102, 292, 316, 152, 0, 1.03%, 0, 7, 7, 11.16
1737861705, 103, 60, 316, 151, 0, 1.03%, 0, 7, 7, 10.94
1737861730, 103, 98, 316, 150, 0, 1.03%, 0, 7, 7, 10.01
1737861740, 103, 312, 316, 150, 0, 1.03%, 0, 7, 7, 11.51
1737861797, 104, 279, 316, 150, 0, 1.03%, 0, 7, 7, 10.44
1737861833, 105, 11, 316, 149, 0, 1.03%, 0, 7, 7, 11.36
1737861853, 105, 249, 316, 149, 0, 1.03%, 0, 7, 7, 12.02
1737861899, 105, 256, 316, 149, 0, 1.03%, 0, 7, 7, 10.80
1737861956, 106, 202, 316, 149, 0, 1.03%, 0, 7, 7, 12.13
1737861966, 106, 202, 317, 150, 0, 1.03%, 0, 7, 7, 11.41
1737861981, 106, 220, 317, 150, 0, 1.03%, 0, 7, 7, 10.64
1737861997, 106, 220, 318, 151, 0, 1.03%, 0, 7, 7, 9.80
1737862058, 107, 120, 318, 150, 4, 1.03%, 0, 7, 7, 10.11
1737862083, 107, 207, 318, 150, 4, 1.03%, 0, 7, 7, 10.79
1737862104, 107, 238, 318, 150, 4, 1.03%, 0, 7, 7, 10.02
1737862161, 108, 137, 318, 150, 4, 1.03%, 0, 7, 7, 10.23
1737862186, 109, 107, 318, 150, 4, 1.03%, 0, 7, 7, 10.38
1737862192, 109, 168, 318, 150, 4, 1.03%, 0, 7, 7, 11.78
1737862223, 109, 185, 318, 150, 4, 1.03%, 0, 7, 7, 11.19
1737862258, 109, 255, 318, 149, 3, 1.03%, 0, 7, 7, 10.83
1737862269, 109, 255, 319, 150, 3, 1.03%, 0, 7, 7, 12.01
1737862330, 110, 166, 319, 149, 4, 1.03%, 0, 7, 7, 12.59
1737862351, 110, 185, 319, 149, 4, 1.03%, 0, 7, 7, 12.19
1737862381, 111, 132, 319, 149, 4, 1.03%, 0, 7, 7, 10.13
1737862392, 111, 283, 319, 149, 4, 1.03%, 0, 7, 7, 10.18
1737862448, 112, 90, 319, 149, 4, 1.03%, 0, 7, 7, 10.44
1737862494, 112, 235, 319, 149, 4, 1.03%, 0, 7, 7, 10.73
1737862555, 113, 45, 319, 149, 4, 1.03%, 0, 7, 7, 11.53
1737862576, 113, 164, 319, 149, 4, 1.03%, 0, 7, 7, 10.17
1737862601, 113, 210, 319, 149, 4, 1.03%, 0, 7, 7, 9.58
1737862632, 114, 107, 319, 148, 3, 1.03%, 0, 7, 7, 10.79
1737862658, 114, 313, 319, 148, 3, 1.03%, 0, 7, 7, 10.50
1737862693, 115, 222, 319, 148, 3, 1.03%, 0, 7, 7, 10.02
1737862704, 115, 222, 320, 149, 3, 1.03%, 0, 7, 7, 10.04
1737862714, 115, 222, 321, 150, 3, 1.03%, 0, 7, 7, 9.87
1737862719, 115, 222, 322, 151, 3, 1.03%, 0, 7, 7, 10.10
1737862811, 115, 307, 322, 150, 4, 1.03%, 0, 7, 7, 9.92
