# unix_time, cycles_done, cur_path, paths_total, pending_total, pending_favs, map_size, unique_crashes, unique_hangs, max_depth, execs_per_sec
1737900284, 0, 0, 3, 3, 2, 0.61%, 0, 0, 2, 12.80
1737900289, 0, 0, 9, 9, 2, 0.64%, 0, 0, 2, 12.04
1737900294, 0, 0, 15, 15, 2, 0.65%, 0, 0, 2, 11.63
1737900299, 0, 0, 20, 20, 2, 0.65%, 0, 0, 2, 11.30
1737900304, 0, 0, 25, 25, 2, 0.65%, 0, 0, 2, 12.01
1737900310, 0, 0, 28, 28, 2, 0.65%, 0, 0, 2, 11.68
1737900315, 0, 0, 33, 33, 2, 0.67%, 0, 0, 2, 11.57
1737900320, 0, 0, 37, 37, 2, 0.68%, 0, 0, 2, 11.67
1737900325, 0, 0, 40, 40, 2, 0.69%, 0, 0, 2, 12.36
1737900330, 0, 0, 45, 45, 2, 0.69%, 0, 0, 2, 12.89
1737900335, 0, 0, 48, 48, 2, 0.69%, 0, 0, 2, 12.74
1737900340, 0, 0, 50, 50, 2, 0.70%, 0, 0, 2, 11.36
1737900346, 0, 0, 52, 52, 2, 0.70%, 0, 0, 2, 11.52
1737900351, 0, 0, 53, 53, 2, 0.70%, 0, 0, 2, 11.17
1737900356, 0, 0, 55, 55, 2, 0.71%, 0, 0, 2, 11.32
1737900361, 0, 0, 59, 59, 2, 0.73%, 0, 0, 2, 11.61
1737900366, 0, 0, 60, 60, 2, 0.73%, 0, 0, 2, 11.91
1737900376, 0, 0, 62, 62, 2, 0.73%, 0, 0, 2, 12.19
1737900381, 0, 0, 64, 64, 2, 0.74%, 0, 0, 2, 11.92
1737900407, 0, 0, 65, 65, 2, 0.74%, 0, 0, 2, 11.36
1737900412, 0, 0, 66, 66, 2, 0.74%, 0, 0, 2, 10.99
1737900417, 0, 0, 67, 67, 2, 0.74%, 0, 0, 2, 11.81
1737900422, 0, 7, 69, 68, 0, 0.74%, 0, 0, 3, 12.12
1737900432, 0, 7, 70, 69, 0, 0.75%, 0, 0, 3, 12.44
1737900437, 0, 7, 72, 71, 0, 0.75%, 0, 0, 3, 12.32
1737900479, 0, 7, 73, 72, 0, 0.76%, 0, 0, 3, 12.96
1737900484, 0, 7, 74, 73, 0, 0.77%, 0, 0, 3, 12.50
1737900489, 0, 7, 75, 74, 0, 0.77%, 0, 0, 3, 12.99
1737900494, 0, 7, 76, 75, 0, 0.78%, 0, 0, 3, 11.52
1737900505, 0, 7, 77, 76, 0, 0.78%, 0, 0, 3, 12.23
1737900515, 1, 0, 77, 75, 1, 0.78%, 0, 0, 3, 11.93
1737900520, 1, 0, 79, 77, 1, 0.78%, 0, 0, 3, 12.78
1737900525, 1, 0, 82, 80, 1, 0.79%, 0, 0, 3, 11.95
1737900530, 1, 0, 84, 82, 1, 0.79%, 0, 0, 3, 12.60
1737900535, 1, 0, 87, 85, 1, 0.79%, 0, 0, 3, 12.13
1737900540, 1, 0, 90, 88, 1, 0.79%, 0, 0, 3, 11.49
1737900546, 1, 0, 92, 90, 1, 0.79%, 0, 0, 3, 12.16
1737900551, 1, 0, 94, 92, 1, 0.80%, 0, 0, 3, 12.19
1737900556, 1, 0, 96, 94, 1, 0.80%, 0, 0, 3, 11.97
1737900561, 1, 0, 99, 97, 1, 0.80%, 0, 0, 3, 11.57
1737900566, 1, 0, 100, 98, 1, 0.80%, 0, 0, 3, 11.81
1737900571, 1, 0, 102, 100, 1, 0.80%, 0, 0, 3, 12.31
1737900576, 1, 0, 103, 101, 1, 0.80%, 0, 0, 3, 11.65
1737900581, 1, 0, 105, 103, 1, 0.80%, 0, 0, 3, 11.22
1737900586, 1, 0, 106, 104, 1, 0.80%, 0, 0, 3, 11.27
1737900591, 1, 0, 107, 105, 1, 0.80%, 0, 0, 3, 11.29
1737900602, 1, 0, 108, 106, 1, 0.80%, 0, 0, 3, 11.57
1737900607, 1, 0, 109, 107, 1, 0.81%, 0, 0, 3, 13.02
1737900612, 1, 0, 112, 110, 1, 0.84%, 0, 0, 3, 13.65
1737900617, 1, 0, 115, 113, 1, 0.85%, 0, 0, 3, 13.05
1737900627, 1, 0, 116, 114, 1, 0.85%, 0, 0, 3, 13.74
1737900633, 1, 0, 117, 115, 1, 0.85%, 0, 0, 3, 13.51
1737900638, 1, 0, 118, 116, 1, 0.85%, 0, 1, 3, 13.57
1737900648, 1, 0, 119, 117, 1, 0.86%, 0, 1, 3, 12.98
1737900653, 1, 0, 120, 118, 1, 0.86%, 0, 1, 3, 12.74
1737900658, 1, 0, 122, 120, 1, 0.87%, 0, 1, 3, 13.50
1737900663, 1, 0, 123, 121, 1, 0.88%, 0, 1, 3, 13.69
1737900689, 1, 0, 124, 122, 1, 0.88%, 0, 1, 3, 11.07
1737900694, 1, 0, 125, 123, 1, 0.89%, 0, 1, 3, 11.83
1737900714, 1, 0, 126, 124, 1, 0.89%, 0, 1, 3, 11.63
1737900719, 1, 0, 127, 125, 1, 0.89%, 0, 1, 3, 11.24
1737900730, 1, 0, 127, 125, 1, 0.89%, 0, 2, 3, 11.31
1737900740, 1, 0, 128, 126, 1, 0.89%, 0, 2, 3, 11.22
1737900750, 1, 0, 129, 127, 1, 0.89%, 0, 2, 3, 11.13
1737900760, 1, 0, 130, 128, 1, 0.89%, 0, 2, 3, 10.56
1737900770, 1, 0, 131, 129, 1, 0.90%, 0, 2, 3, 10.19
1737900780, 1, 0, 132, 130, 1, 0.91%, 0, 2, 3, 10.02
1737900801, 1, 0, 133, 131, 1, 0.91%, 0, 2, 3, 10.10
1737900816, 1, 1, 133, 131, 1, 0.91%, 0, 2, 3, 10.08
1737900842, 1, 96, 133, 130, 0, 0.91%, 0, 2, 3, 10.25
1737900873, 2, 9, 133, 129, 0, 0.91%, 0, 2, 3, 11.12
1737900878, 2, 9, 134, 130, 0, 0.92%, 0, 2, 3, 11.80
1737900889, 2, 9, 135, 131, 0, 0.92%, 0, 2, 3, 11.60
1737900894, 2, 9, 136, 132, 0, 0.92%, 0, 2, 3, 12.03
1737900899, 2, 52, 137, 132, 0, 0.92%, 0, 2, 3, 12.35
1737900904, 2, 53, 138, 132, 0, 0.92%, 0, 2, 3, 12.11
1737900909, 2, 53, 139, 133, 0, 0.92%, 0, 2, 3, 12.77
1737900919, 2, 53, 140, 134, 0, 0.92%, 0, 2, 3, 12.50
1737900925, 2, 53, 142, 136, 0, 0.93%, 0, 2, 3, 13.35
1737900930, 2, 53, 144, 138, 0, 0.93%, 0, 2, 3, 12.60
1737900940, 2, 69, 145, 138, 0, 0.93%, 0, 2, 3, 12.28
1737900965, 2, 72, 145, 137, 4294967295, 0.93%, 0, 2, 3, 10.45
1737900981, 2, 72, 146, 138, 4294967295, 0.93%, 0, 2, 4, 11.81
1737900991, 2, 129, 147, 138, 0, 0.93%, 0, 2, 4, 10.28
1737900996, 2, 129, 148, 139, 0, 0.93%, 0, 2, 4, 9.89
1737901038, 3, 111, 148, 138, 0, 0.93%, 0, 2, 4, 11.08
1737901043, 3, 111, 148, 138, 0, 0.93%, 0, 3, 4, 10.95
1737901053, 3, 111, 149, 139, 0, 0.93%, 0, 3, 4, 11.03
1737901063, 3, 124, 150, 139, 0, 0.93%, 0, 3, 4, 11.27
1737901074, 3, 124, 151, 140, 0, 0.93%, 0, 4, 4, 11.52
1737901105, 3, 130, 151, 139, 0, 0.93%, 0, 4, 4, 11.21
1737901135, 4, 1, 151, 138, 4294967295, 0.93%, 0, 4, 4, 10.25
1737901141, 4, 1, 153, 140, 4294967295, 0.93%, 0, 4, 4, 10.85
1737901146, 4, 1, 155, 142, 4294967295, 0.93%, 0, 4, 4, 11.60
1737901151, 4, 1, 157, 144, 4294967295, 0.94%, 0, 4, 4, 11.37
1737901161, 4, 1, 158, 145, 4294967295, 0.94%, 0, 4, 4, 11.31
1737901207, 4, 1, 159, 146, 4294967295, 0.94%, 0, 4, 4, 11.54
1737901212, 4, 25, 159, 146, 4, 0.94%, 0, 4, 4, 11.88
1737901227, 4, 25, 160, 147, 4, 0.94%, 0, 4, 4, 11.58
1737901237, 5, 1, 162, 148, 7, 0.95%, 0, 4, 4, 12.98
1737901243, 5, 1, 164, 150, 7, 0.95%, 0, 4, 4, 13.13
1737901263, 5, 1, 165, 151, 7, 0.95%, 0, 4, 4, 11.71
1737901273, 5, 1, 167, 153, 7, 0.96%, 0, 4, 4, 11.73
1737901278, 5, 1, 168, 154, 7, 0.96%, 0, 4, 4, 11.05
1737901294, 5, 1, 169, 155, 7, 0.96%, 0, 4, 4, 11.85
1737901304, 5, 1, 170, 156, 7, 0.97%, 0, 4, 4, 11.64
1737901309, 5, 1, 171, 157, 7, 0.97%, 0, 4, 4, 11.72
1737901314, 5, 1, 171, 157, 2, 0.97%, 0, 4, 4, 11.56
1737901330, 5, 1, 172, 158, 2, 0.97%, 0, 4, 4, 11.04
1737901335, 5, 1, 174, 160, 2, 0.97%, 0, 4, 4, 11.66
1737901340, 5, 1, 175, 161, 2, 0.97%, 0, 5, 4, 10.60
1737901351, 5, 1, 176, 162, 2, 0.97%, 0, 5, 4, 10.87
1737901356, 5, 1, 177, 163, 2, 0.97%, 0, 5, 4, 10.88
1737901361, 5, 1, 177, 163, 1, 0.97%, 0, 5, 4, 11.17
1737901366, 5, 1, 178, 164, 1, 0.97%, 0, 5, 4, 10.90
1737901386, 5, 1, 180, 166, 1, 0.97%, 0, 5, 4, 10.96
1737901392, 5, 1, 181, 167, 1, 0.98%, 0, 5, 4, 10.68
1737901397, 5, 1, 182, 168, 1, 0.98%, 0, 5, 4, 11.15
1737901402, 5, 1, 182, 168, 2, 0.98%, 0, 5, 4, 10.73
1737901428, 5, 1, 184, 170, 2, 0.99%, 0, 5, 4, 10.62
1737901458, 5, 1, 185, 171, 2, 1.00%, 0, 5, 4, 10.26
1737901464, 5, 184, 185, 171, 0, 1.00%, 0, 5, 4, 10.23
1737901494, 6, 152, 185, 170, 4294967295, 1.00%, 0, 5, 4, 10.03
1737901520, 7, 57, 185, 169, 4294967294, 1.00%, 0, 5, 4, 11.41
1737901525, 7, 57, 187, 171, 4294967294, 1.00%, 0, 5, 4, 10.39
1737901545, 7, 100, 187, 170, 0, 1.00%, 0, 5, 4, 10.80
1737901551, 7, 100, 188, 171, 0, 1.00%, 0, 5, 4, 10.55
1737901571, 7, 100, 189, 172, 0, 1.02%, 0, 5, 4, 11.17
1737901581, 8, 53, 189, 171, 3, 1.02%, 0, 5, 4, 12.04
1737901591, 8, 53, 190, 172, 3, 1.02%, 0, 5, 4, 11.63
1737901607, 8, 69, 190, 172, 0, 1.02%, 0, 5, 4, 10.19
1737901632, 8, 72, 190, 172, 0, 1.02%, 0, 5, 4, 11.05
1737901653, 8, 127, 191, 173, 0, 1.03%, 0, 5, 4, 11.73
1737901658, 8, 127, 192, 174, 0, 1.03%, 0, 5, 4, 11.30
1737901689, 8, 127, 193, 175, 0, 1.03%, 0, 5, 4, 10.55
1737901699, 9, 111, 193, 174, 0, 1.03%, 0, 5, 4, 11.32
1737901704, 9, 111, 194, 175, 0, 1.03%, 0, 5, 4, 10.78
1737901714, 9, 111, 195, 176, 0, 1.03%, 0, 5, 4, 10.79
1737901720, 9, 111, 195, 176, 0, 1.03%, 0, 6, 4, 11.86
1737901725, 9, 124, 195, 176, 0, 1.03%, 0, 6, 4, 11.31
1737901730, 9, 124, 196, 177, 0, 1.04%, 0, 6, 4, 12.03
1737901735, 9, 124, 197, 178, 0, 1.04%, 0, 6, 4, 11.55
1737901745, 9, 124, 198, 179, 0, 1.04%, 0, 6, 4, 11.46
1737901750, 9, 124, 199, 180, 0, 1.04%, 0, 6, 4, 11.22
1737901755, 9, 124, 200, 181, 0, 1.05%, 0, 6, 4, 11.10
1737901765, 9, 130, 200, 181, 0, 1.05%, 0, 6, 4, 9.77
1737901791, 10, 3, 200, 181, 0, 1.05%, 0, 6, 4, 10.07
1737901801, 10, 3, 201, 182, 0, 1.05%, 0, 6, 4, 11.36
1737901811, 10, 3, 202, 183, 0, 1.05%, 0, 6, 4, 11.33
1737901817, 10, 44, 202, 182, 4, 1.05%, 0, 6, 4, 11.85
1737901837, 10, 44, 203, 183, 4, 1.05%, 0, 6, 4, 11.49
1737901842, 10, 81, 204, 183, 7, 1.05%, 1, 6, 4, 11.60
1737901853, 10, 81, 205, 184, 7, 1.05%, 1, 6, 4, 11.21
1737901873, 10, 112, 205, 183, 6, 1.05%, 1, 6, 4, 11.88
1737901878, 10, 112, 206, 184, 6, 1.05%, 1, 6, 4, 12.24
1737901904, 10, 125, 206, 183, 5, 1.05%, 1, 6, 4, 11.91
1737901929, 10, 128, 207, 183, 4, 1.05%, 1, 6, 4, 12.16
1737901939, 10, 128, 208, 184, 4, 1.05%, 1, 6, 4, 11.01
1737901960, 11, 84, 208, 183, 1, 1.05%, 1, 6, 4, 9.95
1737901990, 11, 119, 208, 182, 0, 1.05%, 1, 6, 4, 9.62
1737902021, 12, 83, 208, 181, 0, 1.05%, 1, 6, 4, 10.64
1737902042, 12, 83, 209, 182, 0, 1.05%, 1, 6, 4, 10.53
1737902047, 12, 166, 209, 181, 0, 1.05%, 1, 6, 4, 10.77
1737902078, 13, 5, 209, 180, 0, 1.05%, 1, 6, 4, 11.36
1737902104, 13, 134, 210, 180, 0, 1.05%, 1, 6, 4, 11.46
1737902124, 13, 134, 211, 181, 0, 1.05%, 1, 6, 4, 10.87
1737902134, 13, 156, 211, 180, 1, 1.05%, 1, 6, 4, 11.89
1737902140, 13, 156, 212, 181, 1, 1.05%, 1, 6, 4, 11.14
1737902145, 13, 156, 214, 183, 1, 1.05%, 1, 6, 4, 10.76
1737902165, 13, 156, 215, 184, 1, 1.06%, 1, 6, 4, 10.80
1737902180, 13, 156, 216, 185, 1, 1.06%, 1, 6, 4, 11.10
1737902201, 13, 156, 217, 186, 1, 1.06%, 1, 6, 4, 10.60
1737902211, 13, 156, 218, 187, 1, 1.06%, 1, 6, 4, 10.79
1737902237, 14, 140, 220, 188, 2, 1.06%, 1, 6, 4, 14.79
1737902263, 15, 69, 220, 187, 1, 1.06%, 1, 6, 4, 13.87
1737902294, 15, 145, 220, 187, 1, 1.06%, 1, 6, 4, 10.70
1737902299, 15, 145, 221, 188, 1, 1.06%, 1, 6, 5, 11.11
1737902335, 15, 147, 221, 187, 0, 1.06%, 1, 6, 5, 10.09
1737902361, 15, 148, 221, 186, 0, 1.06%, 1, 6, 5, 9.85
1737902371, 15, 148, 222, 187, 0, 1.06%, 1, 6, 5, 12.26
1737902392, 15, 149, 222, 186, 0, 1.06%, 1, 6, 5, 11.92
1737902397, 15, 197, 223, 186, 0, 1.06%, 1, 6, 5, 11.35
1737902407, 15, 197, 224, 187, 0, 1.06%, 1, 6, 5, 11.76
1737902413, 15, 197, 224, 187, 0, 1.06%, 2, 6, 5, 11.73
1737902449, 15, 197, 225, 188, 0, 1.06%, 2, 6, 5, 10.80
1737902454, 15, 207, 225, 187, 0, 1.06%, 2, 6, 5, 10.63
1737902480, 15, 207, 226, 188, 0, 1.06%, 2, 6, 5, 9.79
1737902495, 16, 37, 227, 188, 5, 1.06%, 2, 6, 5, 11.72
1737902505, 16, 37, 228, 189, 5, 1.06%, 2, 6, 5, 11.42
1737902521, 16, 69, 229, 189, 4, 1.06%, 2, 6, 5, 12.43
1737902536, 16, 69, 230, 190, 4, 1.06%, 2, 6, 5, 11.63
1737902546, 16, 82, 231, 191, 6, 1.06%, 2, 6, 5, 12.83
1737902572, 16, 115, 231, 190, 5, 1.06%, 2, 6, 5, 12.30
1737902597, 16, 126, 232, 190, 4, 1.06%, 2, 6, 5, 11.87
1737902603, 16, 126, 233, 191, 4, 1.06%, 2, 6, 5, 11.50
1737902618, 16, 126, 234, 192, 4, 1.07%, 2, 6, 5, 11.50
1737902628, 16, 126, 235, 193, 4, 1.07%, 2, 6, 5, 11.13
1737902644, 16, 177, 235, 192, 3, 1.07%, 2, 6, 5, 10.68
1737902675, 17, 115, 235, 191, 2, 1.07%, 2, 6, 5, 10.33
1737902700, 17, 125, 235, 191, 2, 1.07%, 2, 6, 5, 10.22
1737902726, 17, 132, 235, 191, 2, 1.07%, 2, 6, 5, 9.96
1737902751, 17, 217, 235, 190, 1, 1.07%, 2, 6, 5, 9.95
1737902787, 18, 63, 235, 189, 0, 1.07%, 2, 6, 5, 9.85
1737902812, 18, 135, 235, 188, 0, 1.07%, 2, 6, 5, 12.74
1737902828, 18, 135, 237, 190, 0, 1.07%, 2, 6, 5, 10.72
1737902838, 18, 135, 238, 191, 0, 1.07%, 2, 6, 5, 10.51
1737902843, 18, 187, 238, 190, 0, 1.07%, 2, 6, 5, 11.17
1737902848, 18, 187, 239, 191, 0, 1.07%, 2, 6, 5, 10.96
1737902859, 18, 187, 240, 192, 0, 1.07%, 2, 6, 5, 10.82
1737902905, 19, 137, 240, 191, 0, 1.07%, 2, 6, 5, 10.93
1737902931, 20, 69, 240, 190, 0, 1.07%, 2, 6, 5, 11.00
1737902936, 20, 69, 241, 191, 0, 1.07%, 2, 6, 5, 10.43
1737902961, 20, 145, 241, 191, 0, 1.07%, 2, 6, 5, 10.54
1737902992, 20, 147, 241, 191, 0, 1.07%, 2, 6, 5, 10.32
1737903023, 20, 171, 241, 191, 0, 1.07%, 2, 6, 5, 9.57
1737903054, 20, 197, 241, 190, 4294967295, 1.07%, 2, 6, 5, 10.23
1737903084, 20, 198, 241, 190, 4294967295, 1.07%, 2, 6, 5, 10.75
1737903089, 20, 198, 242, 191, 4294967295, 1.07%, 2, 6, 5, 10.45
1737903131, 20, 207, 242, 190, 1, 1.07%, 2, 6, 5, 10.17
1737903161, 21, 62, 242, 190, 1, 1.07%, 2, 6, 5, 11.71
1737903182, 21, 70, 243, 190, 1, 1.07%, 2, 6, 5, 11.85
1737903187, 21, 70, 244, 191, 1, 1.07%, 2, 6, 5, 10.65
1737903218, 21, 84, 245, 191, 6, 1.07%, 2, 6, 5, 10.33
1737903243, 21, 118, 245, 191, 3, 1.07%, 2, 6, 5, 12.59
1737903269, 21, 171, 245, 190, 2, 1.07%, 2, 6, 5, 11.30
1737903289, 21, 171, 246, 191, 2, 1.07%, 2, 6, 5, 10.07
1737903299, 21, 179, 246, 191, 2, 1.07%, 2, 6, 5, 10.54
1737903310, 21, 179, 247, 192, 2, 1.08%, 2, 6, 5, 10.42
1737903331, 22, 131, 247, 191, 1, 1.08%, 2, 6, 5, 10.47
1737903361, 23, 86, 247, 190, 0, 1.08%, 2, 6, 5, 9.94
1737903392, 23, 208, 247, 189, 0, 1.08%, 2, 6, 5, 10.08
1737903402, 23, 208, 248, 190, 0, 1.08%, 2, 6, 5, 10.11
1737903412, 23, 208, 249, 191, 0, 1.08%, 2, 6, 5, 10.18
1737903428, 24, 123, 249, 190, 0, 1.08%, 2, 6, 5, 10.69
1737903433, 24, 123, 250, 191, 0, 1.08%, 2, 6, 5, 10.91
1737903438, 24, 123, 251, 192, 0, 1.08%, 2, 6, 5, 11.01
1737903448, 24, 123, 252, 193, 0, 1.08%, 2, 6, 5, 10.54
1737903458, 24, 123, 253, 194, 0, 1.08%, 2, 6, 5, 10.61
1737903469, 24, 159, 254, 194, 3, 1.08%, 2, 6, 5, 11.80
1737903474, 24, 159, 255, 195, 3, 1.08%, 2, 6, 5, 11.31
1737903479, 24, 159, 256, 196, 3, 1.08%, 2, 6, 5, 11.81
1737903504, 24, 159, 257, 197, 3, 1.08%, 2, 6, 5, 11.96
1737903535, 24, 159, 258, 198, 3, 1.08%, 2, 6, 5, 11.83
1737903556, 24, 188, 258, 197, 4, 1.08%, 2, 6, 5, 11.05
1737903576, 24, 188, 259, 198, 4, 1.08%, 2, 6, 5, 10.49
1737903592, 24, 189, 259, 197, 1, 1.08%, 2, 6, 5, 10.58
1737903623, 25, 69, 259, 196, 0, 1.08%, 2, 6, 5, 10.36
1737903648, 25, 180, 259, 196, 0, 1.08%, 2, 6, 5, 10.35
1737903679, 25, 180, 260, 197, 0, 1.08%, 2, 6, 5, 9.92
1737903684, 25, 191, 260, 196, 4294967295, 1.08%, 2, 6, 5, 10.46
1737903715, 26, 171, 260, 195, 4294967294, 1.08%, 2, 6, 5, 10.30
1737903746, 26, 245, 260, 195, 4294967294, 1.08%, 2, 6, 5, 10.55
1737903776, 27, 222, 260, 194, 4294967293, 1.08%, 2, 6, 5, 10.50
1737903833, 27, 225, 260, 193, 4294967292, 1.08%, 2, 6, 5, 10.14
