# unix_time, cycles_done, cur_path, paths_total, pending_total, pending_favs, map_size, unique_crashes, unique_hangs, max_depth, execs_per_sec
1737725644, 0, 0, 3, 3, 2, 0.57%, 0, 0, 2, 12.83
1737725649, 0, 0, 8, 8, 2, 0.59%, 0, 0, 2, 11.82
1737725654, 0, 0, 14, 14, 2, 0.60%, 0, 0, 2, 13.19
1737725660, 0, 0, 20, 20, 2, 0.60%, 0, 0, 2, 12.82
1737725665, 0, 0, 25, 25, 2, 0.60%, 0, 0, 2, 12.61
1737725670, 0, 0, 30, 30, 2, 0.61%, 0, 0, 2, 11.88
1737725675, 0, 0, 36, 36, 2, 0.62%, 0, 0, 2, 13.93
1737725680, 0, 0, 40, 40, 2, 0.63%, 0, 0, 2, 13.17
1737725685, 0, 0, 41, 41, 2, 0.64%, 0, 0, 2, 12.10
1737725690, 0, 0, 44, 44, 2, 0.65%, 0, 0, 2, 12.44
1737725696, 0, 0, 46, 46, 2, 0.66%, 0, 0, 2, 12.42
1737725701, 0, 0, 48, 48, 2, 0.66%, 0, 0, 2, 12.55
1737725706, 0, 0, 49, 49, 2, 0.66%, 0, 0, 2, 12.00
1737725711, 0, 0, 52, 52, 2, 0.66%, 0, 0, 2, 12.02
1737725716, 0, 0, 53, 53, 2, 0.66%, 0, 0, 2, 11.82
1737725721, 0, 0, 54, 54, 2, 0.66%, 0, 0, 2, 12.15
1737725727, 0, 0, 56, 56, 2, 0.66%, 0, 0, 2, 12.36
1737725732, 0, 0, 58, 58, 2, 0.67%, 0, 0, 2, 12.41
1737725742, 0, 0, 59, 59, 2, 0.67%, 0, 0, 2, 11.69
1737725752, 0, 0, 62, 62, 2, 0.69%, 0, 0, 2, 12.14
1737725762, 0, 0, 63, 63, 2, 0.69%, 0, 0, 2, 10.83
1737725768, 0, 0, 64, 64, 2, 0.69%, 0, 0, 2, 12.22
1737725778, 0, 6, 65, 64, 0, 0.69%, 0, 0, 3, 12.71
1737725788, 0, 6, 67, 66, 0, 0.70%, 0, 0, 3, 11.54
1737725798, 0, 6, 68, 67, 0, 0.70%, 0, 0, 3, 11.61
1737725814, 1, 0, 70, 68, 1, 0.70%, 0, 0, 3, 12.27
1737725824, 1, 0, 73, 71, 1, 0.70%, 0, 0, 3, 12.27
1737725829, 1, 0, 74, 72, 1, 0.73%, 0, 0, 3, 13.55
1737725834, 1, 0, 75, 73, 1, 0.73%, 0, 0, 3, 13.24
1737725845, 1, 0, 76, 74, 1, 0.74%, 0, 0, 3, 12.79
1737725850, 1, 0, 77, 75, 1, 0.74%, 0, 0, 3, 12.83
1737725860, 1, 0, 78, 76, 1, 0.74%, 0, 0, 3, 12.84
1737725865, 1, 0, 79, 77, 1, 0.74%, 0, 0, 3, 11.63
1737725870, 1, 0, 80, 78, 1, 0.74%, 0, 0, 3, 11.45
1737725875, 1, 0, 81, 79, 1, 0.75%, 0, 0, 3, 11.44
1737725881, 1, 0, 82, 80, 1, 0.75%, 0, 0, 3, 11.32
1737725886, 1, 0, 84, 82, 1, 0.75%, 0, 0, 3, 11.05
1737725891, 1, 0, 86, 84, 1, 0.75%, 0, 0, 3, 11.40
1737725896, 1, 0, 89, 87, 1, 0.76%, 0, 0, 3, 11.22
1737725901, 1, 0, 90, 88, 1, 0.77%, 0, 0, 3, 11.58
1737725906, 1, 0, 92, 90, 1, 0.77%, 0, 0, 3, 12.08
1737725917, 1, 0, 93, 91, 1, 0.77%, 0, 0, 3, 11.26
1737725922, 1, 0, 94, 92, 1, 0.77%, 0, 0, 3, 11.77
1737725927, 1, 0, 95, 93, 1, 0.77%, 0, 0, 3, 11.70
1737725932, 1, 0, 97, 95, 1, 0.77%, 0, 0, 3, 11.07
1737725937, 1, 0, 99, 97, 1, 0.78%, 0, 0, 3, 11.60
1737725942, 1, 0, 100, 98, 1, 0.78%, 0, 0, 3, 11.76
1737725947, 1, 0, 101, 99, 1, 0.79%, 0, 0, 3, 11.83
1737725958, 1, 0, 104, 102, 1, 0.80%, 0, 0, 3, 11.48
1737725963, 1, 0, 105, 103, 1, 0.80%, 0, 0, 3, 12.25
1737725968, 1, 0, 107, 105, 1, 0.80%, 0, 0, 3, 12.07
1737725978, 1, 0, 108, 106, 1, 0.80%, 0, 1, 3, 12.75
1737725983, 1, 0, 111, 109, 1, 0.81%, 0, 1, 3, 12.61
1737725988, 1, 0, 113, 111, 1, 0.82%, 0, 1, 3, 13.48
1737725998, 1, 0, 116, 114, 1, 0.82%, 0, 1, 3, 13.26
1737726008, 1, 0, 117, 115, 1, 0.83%, 0, 1, 3, 13.54
1737726014, 1, 0, 118, 116, 1, 0.83%, 0, 1, 3, 13.44
1737726019, 1, 0, 119, 117, 1, 0.84%, 0, 1, 3, 13.86
1737726024, 1, 0, 120, 118, 1, 0.85%, 0, 1, 3, 13.73
1737726035, 1, 0, 121, 119, 1, 0.85%, 0, 2, 3, 1.79
1737726040, 1, 0, 122, 120, 1, 0.85%, 0, 2, 3, 12.35
1737726045, 1, 0, 124, 122, 1, 0.85%, 0, 2, 3, 11.85
1737726050, 1, 0, 127, 125, 1, 0.86%, 0, 2, 3, 12.42
1737726055, 1, 0, 128, 126, 1, 0.87%, 0, 2, 3, 12.09
1737726065, 1, 0, 129, 127, 1, 0.88%, 0, 2, 3, 12.67
1737726075, 1, 0, 130, 128, 1, 0.88%, 0, 2, 3, 11.56
1737726081, 1, 0, 131, 129, 1, 0.88%, 0, 2, 3, 11.25
1737726086, 1, 0, 132, 130, 1, 0.88%, 0, 2, 3, 11.86
1737726091, 1, 0, 134, 132, 1, 0.88%, 0, 2, 3, 12.09
1737726132, 1, 0, 136, 134, 1, 0.89%, 0, 2, 3, 10.91
1737726152, 1, 0, 137, 135, 1, 0.89%, 0, 2, 3, 10.81
1737726163, 1, 0, 137, 135, 1, 0.89%, 0, 3, 3, 10.41
1737726168, 1, 0, 138, 136, 1, 0.89%, 0, 3, 3, 10.30
1737726173, 1, 0, 139, 137, 1, 0.89%, 0, 3, 3, 10.46
1737726178, 1, 0, 140, 138, 1, 0.89%, 0, 3, 3, 10.54
1737726199, 1, 0, 141, 139, 1, 0.89%, 0, 3, 3, 10.40
1737726230, 1, 1, 141, 139, 1, 0.89%, 0, 3, 3, 10.15
1737726256, 2, 3, 141, 138, 0, 0.89%, 0, 3, 3, 11.59
1737726261, 2, 3, 142, 139, 0, 0.89%, 0, 3, 3, 11.92
1737726266, 2, 3, 143, 140, 0, 0.89%, 0, 3, 3, 12.94
1737726281, 2, 27, 143, 139, 0, 0.89%, 0, 3, 3, 12.20
1737726291, 2, 27, 145, 141, 0, 0.90%, 0, 3, 3, 11.63
1737726297, 2, 27, 146, 142, 0, 0.91%, 0, 3, 3, 11.81
1737726312, 2, 27, 147, 143, 0, 0.91%, 0, 3, 3, 12.27
1737726317, 3, 11, 147, 142, 0, 0.91%, 0, 3, 3, 12.89
1737726338, 3, 60, 147, 141, 0, 0.91%, 0, 3, 3, 12.55
1737726348, 3, 60, 148, 142, 0, 0.91%, 0, 3, 3, 12.30
1737726359, 3, 61, 148, 141, 4294967295, 0.91%, 0, 3, 3, 12.26
1737726364, 3, 61, 150, 143, 4294967295, 0.91%, 0, 3, 3, 11.57
1737726389, 3, 73, 150, 142, 0, 0.91%, 0, 3, 3, 11.61
1737726394, 3, 73, 150, 142, 0, 0.91%, 0, 4, 3, 11.67
1737726399, 3, 73, 151, 143, 0, 0.91%, 0, 4, 3, 11.51
1737726404, 3, 73, 152, 144, 0, 0.92%, 0, 4, 3, 12.19
1737726420, 3, 73, 153, 145, 0, 0.92%, 0, 4, 3, 11.03
1737726435, 3, 73, 154, 146, 0, 0.92%, 0, 4, 3, 11.26
1737726476, 3, 100, 154, 145, 0, 0.92%, 0, 4, 3, 10.81
1737726481, 3, 100, 156, 147, 0, 0.95%, 0, 4, 3, 10.97
1737726491, 3, 100, 157, 148, 0, 0.95%, 0, 4, 3, 10.63
1737726507, 3, 116, 157, 147, 0, 0.95%, 0, 4, 3, 10.99
1737726532, 3, 117, 157, 146, 4294967295, 0.95%, 0, 4, 3, 12.18
1737726557, 3, 128, 157, 145, 4294967295, 0.95%, 0, 4, 3, 12.10
1737726578, 4, 1, 157, 144, 4294967294, 0.95%, 0, 4, 3, 11.73
1737726583, 4, 1, 158, 145, 4294967294, 0.95%, 0, 4, 3, 12.13
1737726599, 4, 1, 159, 146, 4294967294, 0.95%, 0, 4, 3, 10.60
1737726609, 4, 26, 159, 146, 1, 0.95%, 0, 4, 3, 12.28
1737726629, 4, 62, 159, 145, 0, 0.95%, 0, 4, 3, 11.45
1737726650, 4, 75, 159, 144, 0, 0.95%, 0, 4, 3, 12.06
1737726655, 4, 75, 160, 145, 0, 0.96%, 0, 4, 3, 11.90
1737726670, 4, 75, 162, 147, 0, 0.97%, 0, 4, 3, 11.19
1737726686, 5, 1, 162, 146, 2, 0.97%, 0, 4, 3, 11.80
1737726691, 5, 1, 165, 149, 2, 0.97%, 0, 4, 3, 11.85
1737726711, 5, 1, 165, 149, 2, 0.97%, 0, 5, 3, 11.08
1737726717, 5, 1, 166, 150, 2, 0.97%, 0, 5, 3, 11.30
1737726722, 5, 1, 168, 152, 2, 0.97%, 0, 5, 3, 10.88
1737726737, 5, 1, 169, 153, 2, 0.98%, 0, 5, 3, 11.54
1737726742, 5, 17, 169, 153, 0, 0.98%, 0, 5, 3, 11.05
1737726768, 5, 68, 169, 152, 0, 0.98%, 0, 5, 3, 9.06
1737726799, 5, 152, 169, 151, 0, 0.98%, 0, 5, 3, 9.51
1737726829, 5, 168, 169, 150, 0, 0.98%, 0, 5, 3, 9.79
1737726860, 7, 28, 169, 149, 4294967295, 0.98%, 0, 5, 3, 10.21
1737726865, 7, 28, 170, 150, 4294967295, 0.98%, 0, 5, 3, 12.01
1737726886, 7, 114, 170, 149, 4294967294, 0.98%, 0, 5, 3, 11.50
1737726911, 8, 26, 170, 148, 4294967293, 0.98%, 0, 5, 3, 11.23
1737726916, 8, 26, 171, 149, 4294967293, 0.98%, 0, 5, 3, 12.51
1737726932, 8, 26, 172, 150, 4294967293, 0.98%, 0, 5, 3, 12.06
1737726937, 8, 60, 172, 150, 0, 0.98%, 0, 5, 3, 11.99
1737726947, 8, 60, 173, 151, 0, 0.98%, 0, 5, 3, 12.90
1737726952, 8, 60, 174, 152, 0, 0.98%, 0, 5, 3, 11.95
1737726962, 8, 61, 175, 153, 1, 0.98%, 0, 5, 3, 11.89
1737726973, 8, 61, 176, 154, 1, 0.98%, 0, 5, 3, 11.63
1737726983, 8, 61, 177, 155, 1, 0.98%, 0, 5, 3, 12.03
1737726993, 8, 127, 177, 155, 2, 0.98%, 0, 5, 3, 11.21
1737727009, 8, 127, 177, 155, 2, 0.98%, 0, 6, 3, 10.16
1737727019, 8, 154, 177, 154, 1, 0.98%, 0, 6, 3, 10.33
1737727034, 8, 154, 178, 155, 1, 0.98%, 0, 6, 4, 10.11
1737727050, 9, 116, 178, 154, 0, 0.98%, 0, 6, 4, 11.52
1737727076, 9, 156, 178, 154, 0, 0.98%, 0, 6, 4, 10.57
1737727102, 9, 167, 178, 153, 4294967295, 0.98%, 0, 6, 4, 10.27
1737727112, 9, 167, 179, 154, 4294967295, 0.98%, 0, 6, 4, 10.36
1737727133, 9, 167, 180, 155, 4294967295, 0.99%, 0, 6, 4, 10.32
1737727148, 9, 167, 181, 156, 4294967295, 0.99%, 0, 6, 4, 10.46
1737727173, 9, 167, 182, 157, 4294967295, 0.99%, 0, 6, 4, 10.11
1737727194, 9, 167, 182, 156, 1, 0.99%, 0, 6, 4, 10.23
1737727204, 9, 167, 183, 157, 1, 0.99%, 0, 6, 4, 10.20
1737727225, 9, 177, 183, 157, 1, 0.99%, 0, 6, 4, 9.81
1737727261, 9, 177, 184, 158, 1, 0.99%, 0, 6, 5, 9.05
1737727281, 10, 28, 184, 157, 11, 0.99%, 0, 6, 5, 10.97
1737727302, 10, 171, 184, 157, 11, 0.99%, 0, 6, 5, 10.83
1737727333, 11, 74, 185, 157, 10, 0.99%, 0, 6, 5, 11.31
1737727353, 11, 74, 186, 158, 10, 0.99%, 0, 6, 5, 11.76
1737727359, 11, 74, 187, 159, 10, 0.99%, 0, 6, 5, 11.71
1737727364, 11, 74, 188, 160, 10, 0.99%, 0, 6, 5, 11.96
1737727369, 11, 89, 188, 159, 12, 0.99%, 0, 6, 5, 12.11
1737727394, 12, 28, 188, 158, 11, 0.99%, 0, 6, 5, 11.42
1737727405, 12, 28, 189, 159, 11, 0.99%, 0, 6, 5, 11.37
1737727420, 12, 136, 189, 159, 0, 0.99%, 0, 6, 5, 11.37
1737727430, 12, 136, 190, 160, 0, 0.99%, 0, 6, 5, 11.20
1737727440, 12, 136, 191, 161, 0, 1.00%, 0, 6, 5, 11.20
1737727451, 12, 138, 193, 162, 3, 1.00%, 0, 6, 5, 10.80
1737727456, 12, 138, 194, 163, 3, 1.01%, 0, 6, 5, 10.57
1737727512, 13, 125, 194, 162, 0, 1.01%, 0, 6, 5, 10.32
1737727542, 13, 181, 194, 161, 0, 1.01%, 0, 6, 5, 10.15
1737727558, 13, 181, 195, 162, 0, 1.01%, 0, 6, 5, 10.14
1737727573, 15, 37, 195, 161, 0, 1.01%, 0, 6, 5, 10.19
1737727578, 15, 37, 196, 162, 0, 1.01%, 0, 6, 5, 11.94
1737727588, 15, 37, 197, 163, 0, 1.01%, 0, 6, 5, 11.43
1737727599, 15, 37, 199, 165, 0, 1.01%, 0, 6, 5, 10.87
1737727604, 15, 143, 199, 164, 3, 1.01%, 0, 6, 5, 11.93
1737727614, 15, 143, 200, 165, 3, 1.01%, 0, 6, 5, 11.73
1737727629, 15, 143, 201, 166, 3, 1.01%, 0, 6, 5, 11.91
1737727634, 15, 150, 202, 166, 1, 1.01%, 0, 6, 5, 12.10
1737727655, 15, 150, 202, 166, 1, 1.01%, 0, 7, 5, 10.74
1737727665, 16, 147, 202, 165, 1, 1.01%, 0, 7, 5, 13.77
1737727670, 16, 147, 205, 168, 1, 1.01%, 0, 7, 5, 12.94
1737727681, 16, 147, 206, 169, 1, 1.01%, 0, 7, 5, 15.86
1737727686, 16, 147, 207, 170, 1, 1.01%, 0, 7, 5, 15.10
1737727701, 16, 147, 208, 171, 1, 1.01%, 0, 7, 5, 15.74
1737727717, 16, 147, 209, 172, 1, 1.01%, 0, 7, 5, 16.14
1737727722, 16, 147, 210, 173, 1, 1.01%, 0, 7, 5, 14.64
1737727732, 16, 147, 211, 174, 1, 1.01%, 0, 7, 5, 14.11
1737727737, 16, 147, 212, 175, 1, 1.01%, 0, 7, 5, 13.73
1737727742, 16, 147, 213, 176, 1, 1.01%, 0, 7, 5, 14.33
1737727747, 16, 149, 213, 175, 0, 1.01%, 0, 7, 5, 13.24
1737727768, 16, 151, 213, 174, 0, 1.01%, 0, 7, 5, 11.47
1737727799, 17, 110, 213, 173, 0, 1.01%, 0, 7, 5, 12.22
1737727809, 17, 110, 214, 174, 0, 1.01%, 0, 7, 5, 11.78
1737727814, 17, 110, 215, 175, 0, 1.01%, 0, 7, 5, 10.97
1737727825, 17, 116, 215, 174, 0, 1.01%, 0, 7, 5, 11.47
1737727830, 17, 116, 216, 175, 0, 1.01%, 0, 7, 5, 12.31
1737727850, 17, 156, 216, 175, 0, 1.01%, 0, 7, 5, 11.65
1737727881, 17, 178, 216, 175, 0, 1.01%, 0, 7, 5, 10.41
1737727922, 17, 178, 216, 174, 0, 1.01%, 0, 7, 5, 10.49
1737727964, 18, 177, 216, 174, 0, 1.01%, 0, 7, 5, 9.99
1737728030, 18, 201, 216, 174, 0, 1.01%, 0, 7, 5, 10.52
1737728081, 19, 36, 217, 174, 4294967295, 1.01%, 0, 7, 5, 10.76
1737728107, 19, 65, 218, 174, 0, 1.01%, 0, 7, 5, 12.44
1737728112, 19, 65, 219, 175, 0, 1.01%, 0, 7, 5, 13.04
1737728132, 19, 77, 219, 174, 0, 1.01%, 0, 7, 5, 12.28
1737728158, 19, 94, 220, 174, 0, 1.01%, 0, 7, 5, 12.36
1737728168, 19, 94, 221, 175, 0, 1.01%, 0, 7, 5, 10.86
1737728184, 19, 94, 222, 176, 0, 1.01%, 0, 7, 5, 11.30
1737728189, 19, 166, 222, 175, 0, 1.01%, 0, 7, 5, 10.72
1737728220, 19, 166, 224, 177, 0, 1.01%, 0, 7, 5, 9.59
1737728225, 19, 166, 225, 178, 0, 1.01%, 0, 7, 5, 9.72
1737728230, 19, 190, 225, 177, 1, 1.01%, 0, 7, 5, 10.42
1737728261, 20, 177, 225, 176, 0, 1.01%, 0, 7, 5, 10.69
1737728291, 21, 85, 225, 176, 0, 1.01%, 0, 7, 5, 9.69
1737728322, 21, 194, 225, 175, 0, 1.01%, 0, 7, 5, 10.30
1737728343, 21, 194, 226, 176, 0, 1.01%, 0, 7, 5, 10.07
1737728384, 23, 58, 226, 175, 0, 1.01%, 0, 7, 5, 11.54
1737728404, 23, 146, 226, 174, 0, 1.01%, 0, 7, 5, 11.48
1737728420, 23, 146, 227, 175, 0, 1.01%, 0, 7, 5, 11.19
1737728425, 23, 171, 227, 174, 2, 1.01%, 0, 7, 5, 11.71
1737728456, 23, 173, 227, 174, 2, 1.01%, 0, 7, 5, 10.99
1737728482, 23, 173, 228, 175, 2, 1.01%, 0, 7, 5, 10.91
1737728487, 23, 174, 228, 174, 0, 1.01%, 0, 7, 5, 10.95
1737728502, 23, 174, 229, 175, 0, 1.01%, 0, 7, 5, 10.87
1737728522, 23, 181, 229, 174, 0, 1.01%, 0, 7, 5, 10.12
1737728553, 23, 213, 229, 174, 0, 1.01%, 0, 7, 5, 10.05
1737728574, 23, 213, 230, 175, 0, 1.01%, 0, 7, 5, 10.34
1737728589, 24, 116, 230, 174, 0, 1.01%, 0, 7, 5, 11.57
1737728615, 24, 117, 230, 174, 0, 1.01%, 0, 7, 5, 11.55
1737728630, 24, 117, 231, 175, 0, 1.01%, 0, 7, 5, 11.15
1737728636, 24, 179, 231, 175, 0, 1.01%, 0, 7, 5, 11.09
1737728682, 24, 180, 231, 174, 0, 1.01%, 0, 7, 5, 10.22
1737728702, 24, 180, 232, 175, 0, 1.01%, 0, 7, 5, 10.41
1737728723, 24, 183, 232, 174, 1, 1.01%, 0, 7, 5, 9.91
1737728789, 24, 201, 232, 173, 0, 1.01%, 0, 7, 5, 10.15
1737728794, 24, 201, 233, 174, 0, 1.01%, 0, 7, 5, 11.07
1737728860, 24, 201, 235, 176, 0, 1.01%, 0, 7, 5, 10.64
1737728871, 25, 41, 237, 178, 6, 1.01%, 0, 7, 5, 13.25
1737728896, 25, 218, 237, 177, 0, 1.01%, 0, 7, 5, 12.53
1737728912, 25, 218, 238, 178, 0, 1.01%, 0, 7, 5, 13.12
1737728932, 25, 218, 239, 179, 0, 1.01%, 0, 7, 5, 12.82
1737728963, 26, 83, 239, 178, 0, 1.01%, 0, 7, 5, 12.37
1737728968, 26, 83, 241, 180, 0, 1.01%, 0, 7, 5, 10.93
1737728994, 26, 106, 241, 179, 11, 1.01%, 0, 7, 5, 11.21
1737729004, 26, 106, 242, 180, 11, 1.01%, 0, 7, 5, 10.95
1737729019, 26, 168, 242, 179, 4, 1.01%, 0, 7, 5, 11.36
1737729030, 26, 168, 243, 180, 4, 1.01%, 0, 7, 5, 10.69
1737729035, 26, 168, 244, 181, 4, 1.01%, 0, 7, 5, 10.63
1737729040, 26, 168, 245, 182, 4, 1.01%, 0, 7, 5, 10.67
1737729055, 26, 189, 245, 182, 0, 1.01%, 0, 7, 5, 10.84
1737729060, 26, 189, 246, 183, 0, 1.02%, 0, 7, 5, 10.99
1737729065, 26, 189, 247, 184, 0, 1.02%, 0, 7, 5, 11.26
1737729086, 26, 189, 248, 185, 0, 1.02%, 0, 7, 5, 10.80
1737729101, 26, 189, 249, 186, 0, 1.02%, 0, 7, 5, 11.10
1737729116, 26, 189, 250, 187, 0, 1.02%, 0, 7, 5, 10.72
1737729152, 26, 191, 250, 186, 4, 1.02%, 0, 7, 5, 10.89
1737729183, 26, 193, 250, 185, 3, 1.02%, 0, 7, 5, 10.39
1737729219, 27, 140, 250, 184, 2, 1.02%, 0, 7, 5, 10.03
